0.059272735801	0.0053974583443	0.000455021885	0.0011667446237
0.059687270902	0.0065485252989	0.000375520125	0.0011563434152
0.060032785091	0.0077071033038	0.000315534917	0.0011523777702
0.06031900037	0.0088605904997	0.000255615057	0.0011511957545
0.060546115674	0.010012921604	0.000209047618	0.0011580827821
0.060752966913	0.011180288662	0.000205174913	0.001177015311
0.060952341126	0.012363671745	0.000187885616	0.001189827521
0.061120222955	0.013564728258	0.000158089118	0.001216527857
0.061263221363	0.014786714389	0.000113641801	0.001247531283
0.061349995304	0.016064764987	6.0250314e-05	0.001288711416
0.061386236644	0.017367277025	1.2992437e-05	0.001314092903
0.061375464995	0.018698719297	-3.7733275e-05	0.001347901471
0.061309711222	0.020046167898	-9.7088028e-05	0.001340214405
0.061168808666	0.021384461895	-0.000179445718	0.001341549857
0.060948083702	0.022711899008	-0.000273990202	0.001317339452
0.060628812865	0.024029765031	-0.000359421317	0.001310212464
0.060223626208	0.025337693767	-0.00045378642	0.001304623759
0.059718955278	0.026633040394	-0.000556651907	0.001277548574
0.059118613002	0.027888008618	-0.000641961229	0.001227927663
0.058432464639	0.029084286405	-0.000733085091	0.001158001043
0.057650445048	0.030200748662	-0.000823402247	0.00108612426
0.056797100507	0.031252254064	-0.000880726613	0.000994184006
0.055888110198	0.032194959515	-0.000929772746	0.000889793453
0.054936356358	0.033028783713	-0.000967388152	0.000784098723
0.053961297339	0.033749460843	-0.000966833407	0.000654090106
0.052990126178	0.034349741619	-0.000976731164	0.00054327875
0.052035668227	0.034826320306	-0.000933714433	0.000423568117
0.051117320531	0.035205660148	-0.000904546046	0.000338389278
0.05024257764	0.035506708974	-0.00085304768	0.000259340563
0.049416528634	0.035720367477	-0.000784265127	0.000167044723
0.048663584447	0.035854947205	-0.000713570345	0.000108994998
0.047990640518	0.035942369546	-0.000639066626	7.7836327e-05
0.047386652987	0.036006556498	-0.000569161546	5.4719643e-05
0.04684885388	0.036061145327	-0.00050746807	5.521343e-05
0.046376176878	0.036121022696	-0.000443214015	6.8577348e-05
0.045952221937	0.036197151014	-0.000405725911	8.5965854e-05
0.045565404599	0.036297766328	-0.0003677494	0.000116217588
0.045211660381	0.036429631615	-0.000340632986	0.000144230341
0.044874852807	0.036587413509	-0.000336126295	0.00017104896
0.044541939838	0.036767218947	-0.000339599756	0.000184944465
0.044195987029	0.036963432268	-0.000346543448	0.000205163925
0.043852047132	0.037174495999	-0.000341529855	0.000220301276
0.043505808357	0.037406506315	-0.000352970681	0.000239387101
0.043144226722	0.037643758378	-0.000369108824	0.000239424333
0.042768183028	0.037883987352	-0.000383629858	0.000238502032
0.04237682472	0.038115071903	-0.000394822976	0.000216995022
0.041981351474	0.038315104537	-0.000399781139	0.000189954445
0.041574807963	0.038494562242	-0.000413610642	0.000163734838
0.041164141408	0.038648365294	-0.00040148741	0.000143198643
0.04077625061	0.038780820627	-0.000373816988	0.000123584593
0.040408965345	0.038891612994	-0.000360380855	9.5305048e-05
0.040061433903	0.038979275381	-0.000332636302	8.069435e-05
0.039743543168	0.039048496197	-0.000308815925	6.0049711e-05
0.039441990371	0.039102393634	-0.000290889547	5.1788557e-05
0.03915821433	0.039155704761	-0.000274495978	5.6591128e-05
0.038897968645	0.039218937893	-0.000250753584	7.7318951e-05
0.038647977794	0.0393089566	-0.00025097065	9.91257e-05
0.038401786433	0.039416778528	-0.000240926168	0.000112076841
0.038168524866	0.039535495465	-0.000222052108	0.000127984448
0.037952748971	0.03967605928	-0.000218832878	0.000157021511
0.037728445916	0.039845553673	-0.000230657275	0.000180424737
0.03748474637	0.040034996004	-0.000254166551	0.000198416768
0.037222138478	0.040241551131	-0.000277261352	0.000206140666
0.036929333631	0.040447221941	-0.000301597679	0.000203589102
0.036619357773	0.04064620654	-0.000321137605	0.0001955398
0.036290359901	0.040837024326	-0.000336652988	0.00018282501
0.035937622939	0.041010425898	-0.000373788891	0.0001620577
0.035550423905	0.041159360119	-0.000396346266	0.000131431708
0.035136635029	0.041261615037	-0.000432950237	7.4782881e-05
0.034706799773	0.041303865703	-0.000416225811	7.69203e-06
0.034298019861	0.041286705319	-0.000407058686	-4.1788503e-05
0.033889590304	0.041219672347	-0.000402443372	-9.3827039e-05
0.033504887047	0.041096800768	-0.000366464517	-0.000150486306
0.033155699998	0.040921267526	-0.000334868689	-0.000192726429
0.032834540168	0.040711954839	-0.000297134245	-0.000226548539
0.032560510507	0.04047827229	-0.000253636144	-0.000241665852
0.032330512707	0.04022937073	-0.000202485283	-0.000248939242
0.032157667687	0.039983984488	-0.000148162959	-0.000244021801
0.03202960516	0.039740882362	-0.000106996641	-0.000243047019
0.031944631499	0.03949599798	-5.8784815e-05	-0.000239730716
0.031909493127	0.039266925989	-1.5234336e-05	-0.000219014087
0.031912519826	0.039057269068	2.2012211e-05	-0.000197402097
0.031954234685	0.038874779362	5.9705939e-05	-0.000167045538
0.032030964943	0.038719662484	9.434328e-05	-0.000140915692
0.032142525826	0.03860150786	0.000122898684	-9.3787914e-05
0.03227238165	0.038531676185	0.000137156871	-4.6986588e-05
0.032416060802	0.038503392879	0.000139294895	-9.962517e-06
0.032546388968	0.038511771979	0.000123557443	2.2058593e-05
0.032659643124	0.038545332319	0.000101057637	4.6646917e-05
0.032745102881	0.038603406062	7.1708442e-05	6.8396061e-05
0.032806114272	0.038684025246	4.6405379e-05	9.0622117e-05
0.032838913817	0.038784211229	2.0474867e-05	0.000109683035
0.032846920798	0.038901634896	-4.36946e-06	0.000126738699
0.032832339312	0.039034458211	-2.2564426e-05	0.000139641424
0.032802795242	0.039182288312	-3.6290385e-05	0.000153295117
0.032759592874	0.039343678279	-4.823e-05	0.000168856433
0.032705169879	0.039514844463	-6.2475891e-05	0.000169440171
0.032637023324	0.039681208182	-6.9949573e-05	0.000165796769
0.032564688078	0.03984276818	-7.2637545e-05	0.000153951893
0.032493845816	0.039995219357	-6.9997949e-05	0.000153678455
0.032423262709	0.040150503598	-7.1941014e-05	0.000156609218
0.032354089338	0.040307865625	-7.0980664e-05	0.000158336502
0.032275004887	0.040466796981	-8.2412558e-05	0.00015437734
0.032190435776	0.040613947809	-8.9223752e-05	0.000140040449
0.032096645663	0.040747307581	-0.000102472309	0.000132883888
0.031980237337	0.040883418462	-0.000130080563	0.000136567858
0.03183563923	0.041016763262	-0.000160994309	0.000133276199
0.031667332733	0.041148072745	-0.000175790616	0.000125563343
0.031472682611	0.041272390267	-0.000217567893	0.000122451958
0.031244469719	0.04138669897	-0.000224445785	0.000105276463
0.031014861034	0.041490765979	-0.000250940656	0.000106600173
0.030746725085	0.041585072088	-0.000272596793	7.1107458e-05
0.030462767059	0.041640548052	-0.0002928371	4.254854e-05
0.030170845139	0.041665105689	-0.000289631831	5.155905e-06
0.029884997236	0.041650833244	-0.000288596992	-3.2017329e-05
0.029595724184	0.041604054329	-0.000280697174	-6.3705477e-05
0.029321359823	0.041521128284	-0.000270215631	-0.000103360142
0.029054907888	0.041398324652	-0.000259828909	-0.000137664123
0.028804135471	0.041246906498	-0.000246421459	-0.000164931105
0.028564340491	0.041069972775	-0.000227275424	-0.000187973433
0.028349858014	0.04086985467	-0.000205509653	-0.000214404775
0.028159735108	0.040650767789	-0.000168280694	-0.000217634873
0.028012053162	0.040432240651	-0.000132059057	-0.000218603833
0.027893018027	0.040210061172	-0.000103328206	-0.000224248608
0.027802784084	0.039990551537	-7.807986e-05	-0.000213351892
0.02773551662	0.039785823041	-5.901667e-05	-0.000197259254
0.027683563712	0.039591083127	-4.5331566e-05	-0.000189227854
0.027645812254	0.039409785759	-2.9494147e-05	-0.000172283613
0.027620591728	0.039245491515	-2.2304651e-05	-0.000160814359
0.027602028528	0.039090504481	-1.5939377e-05	-0.00014897618
0.027586654019	0.038946246551	-1.7517225e-05	-0.0001380135
0.027564125044	0.038810247156	-3.083887e-05	-0.000140128613
0.027524367644	0.038666988909	-5.0587994e-05	-0.000142983722
0.027461516219	0.038522953532	-7.7053488e-05	-0.000152388925
0.02737339705	0.038360334175	-9.7337166e-05	-0.000172571504
0.027261729335	0.038175501581	-0.000123652912	-0.00019789346
0.027127633589	0.037963041343	-0.000144206049	-0.000229500107
0.026974680634	0.037712050309	-0.000160095296	-0.000272735861
0.026811529385	0.037419758396	-0.000163339546	-0.00031467251
0.02665066563	0.037079191959	-0.000156570928	-0.000365145295
0.026502032979	0.036688750678	-0.000138303919	-0.000415806138
0.026374328683	0.03625481449	-0.000113453284	-0.000447515755
0.026280551474	0.035792915113	-7.297143e-05	-0.00047888494
0.026227990652	0.035298145208	-2.8897281e-05	-0.000511362942
0.026224411432	0.034769008414	2.1357267e-05	-0.000536504613
0.026270454771	0.034227158766	6.8158715e-05	-0.00055148437
0.026359069149	0.033669130776	0.000114784229	-0.000564344341
0.026500551165	0.033102113326	0.000166482283	-0.00056565642
0.026693297508	0.032533033213	0.000217177072	-0.000568314551
0.026934466285	0.031978009852	0.000262048765	-0.000546368639
0.027212365714	0.031437218112	0.000294544796	-0.000528013902
0.027520420809	0.030921259749	0.000321069116	-0.000503589597
0.027854175622	0.030432593533	0.000337004068	-0.000472287227
0.028199660366	0.029971826161	0.000350710678	-0.000451491524
0.028545487031	0.02952756678	0.000344435155	-0.000440872318
0.02888722985	0.029092091272	0.000336940234	-0.000431760127
0.02921978936	0.028661013082	0.000328227453	-0.000431849781
0.029540750772	0.028225861108	0.000313457776	-0.000440315697
0.029848004	0.027775302088	0.000302464651	-0.000461330917
0.030147973738	0.027303435838	0.000295882955	-0.000483980445
0.030445327626	0.026804014099	0.000304631587	-0.000518302106
0.030752607428	0.026274895358	0.000310178588	-0.000541016567
0.031075810512	0.025706252509	0.000346467721	-0.000602051298
0.031433107546	0.025088132845	0.000365190942	-0.000641975952
0.031813170751	0.024424504468	0.000389615298	-0.00065894397
0.032223006004	0.023755361417	0.000441887994	-0.000691878006
0.032697056767	0.023047001198	0.000503175052	-0.00072349831
0.033230692093	0.022315187798	0.000566000501	-0.000736250231
0.033833339373	0.021571306504	0.000641904888	-0.000743560212
0.03451033302	0.020830695569	0.000708883194	-0.000736717108
0.035255301775	0.020101363939	0.000787198324	-0.000723766525
0.036082325121	0.01938862249	0.000866720935	-0.000695762576
0.036981671288	0.018714977834	0.000923933144	-0.000646424335
0.037936659342	0.018095312348	0.00099130011	-0.000587444187
0.038956730284	0.017538669341	0.001030641491	-0.000529600244
0.039997498904	0.01704860307	0.001069468525	-0.000460941301
0.041088090497	0.016612134559	0.001094199813	-0.000395935105
0.042185811593	0.016251546577	0.001104256714	-0.000329082345
0.043292260661	0.0159529938	0.00110307482	-0.000270625969
0.044389909514	0.015716046748	0.001089697204	-0.000204433993
0.045475075268	0.01553660517	0.001070454061	-0.000159041401
0.046531061644	0.015398153771	0.001047344328	-0.000121430906
0.047561761713	0.015287547152	0.001014729029	-0.000100265609
0.048564404999	0.015194245106	0.000991989855	-8.8755285e-05
0.049543729229	0.015104461525	0.00097152086	-9.8587442e-05
0.050503708647	0.015003172205	0.000938439138	-0.000102294049
0.051430505803	0.014893238982	0.000926061289	-0.000118461847
0.052349268434	0.014762238598	0.000909605259	-0.000146770465
0.053264354917	0.014603127709	0.000927664715	-0.000170072721
0.054188179797	0.014426560875	0.000927461578	-0.000182285396
0.055128120716	0.014230498861	0.000942890761	-0.000200661971
0.056086236714	0.014026206603	0.000969302064	-0.000217002393
0.057068685264	0.013801061372	0.00100310308	-0.000230203929
0.05808774233	0.013566805544	0.001031855452	-0.000233379141
0.0591371123	0.013339178564	0.00107849439	-0.000225063313
0.060232474225	0.013121746229	0.001113471381	-0.000207987585
0.061369120974	0.012917332711	0.001155162083	-0.000193130715
0.062542087786	0.012734448259	0.001194922751	-0.000178590489
0.063764405445	0.01257326031	0.001248691716	-0.00013764453
0.065032744483	0.012455266168	0.001285909815	-9.741398e-05
0.06633800978	0.012380308948	0.001320178425	-4.9608725e-05
0.067676502476	0.012355502942	0.001356178148	-4.843495e-06
0.069049928698	0.012374468917	0.001383385524	4.9267372e-05
0.070439602486	0.012439764316	0.001404359758	8.5104607e-05
0.071861829167	0.012550686353	0.001420580255	0.000133382614
0.073277304409	0.012706994387	0.001426046493	0.000178678326
0.074697827272	0.012908113138	0.001412324316	0.000222058916
0.076107055733	0.013154103623	0.001407321688	0.00026632751
0.07751663418	0.013445056968	0.001400104251	0.000312432873
0.078913799875	0.013772044534	0.001396276108	0.000345663215
0.080296026297	0.014137220485	0.001377740814	0.000379867772
0.081674255382	0.014534842799	0.001366880617	0.000409170393
0.083030943395	0.014951941279	0.001360330628	0.000431933237
0.08438738012	0.015394135774	0.001354859243	0.000448307446
0.085749390417	0.015850503775	0.001355265193	0.000470315231
0.087101568163	0.016336213915	0.001352220097	0.000501323459
0.088451059704	0.016853820117	0.001345044066	0.000530613992
0.089792274385	0.017396005998	0.001338215393	0.000559355189
0.091127176837	0.017965296186	0.001334813917	0.00057389974
0.092456051827	0.01855399354	0.001315037142	0.000600309213
0.093767395531	0.019161890447	0.001315651136	0.000615522072
0.095075759647	0.019779543186	0.001305239421	0.000619838755
0.096374337633	0.020405702966	0.001293973352	0.000640006274
0.097669221107	0.021058973193	0.001281675493	0.000653058055
0.098948322065	0.021717270807	0.001278847127	0.000665690745
0.1002301269	0.022385406771	0.001286723552	0.000676381381
0.10151442335	0.023066341525	0.00129289927	0.000685649561
0.10281772573	0.02376012518	0.00130571817	0.000697258103
0.10412691374	0.024462745389	0.00131490677	0.000715328028
0.10544489085	0.025185543002	0.00131912579	0.000720897792
0.10676258922	0.025914802963	0.00132966159	0.000742164343
0.10810613371	0.02666537107	0.00135184761	0.000761288439
0.10947102896	0.027439035772	0.00137742191	0.000786988408
0.1108576046	0.028237637675	0.00139591577	0.000819185093
0.11226471649	0.029079068316	0.0014169835	0.000861008054
0.11368751746	0.029968613396	0.00142940441	0.000918509404
0.11512712615	0.030917787461	0.00144222928	0.000979603346
0.11657426003	0.031923421489	0.00144868536	0.001034797393
0.11801587242	0.032997968415	0.00143500889	0.001107773541
0.11945156929	0.034133859696	0.00142526148	0.001167577782
0.12085414915	0.035330255874	0.00139433109	0.001235115874
0.12223619444	0.03660454547	0.00135981428	0.001301470773
0.12358003935	0.037928581374	0.00132720335	0.001349294832
0.12488080681	0.039305120622	0.00127166059	0.00140309518
0.12612519882	0.040731902149	0.00122070085	0.001454015533
0.12731123121	0.042211765981	0.00114940268	0.001497196265
0.12842803308	0.043722726003	0.00107619411	0.001524909289
0.12946697238	0.045253417028	0.00100236931	0.001529354663
0.13043241035	0.04679001135	0.00092994278	0.001532974384
0.13132753998	0.048311119743	0.00085847606	0.001515209782
0.1321595299	0.049812286073	0.00080293273	0.001480490637
0.13292469726	0.051275494675	0.00074429317	0.001440738329
0.13365119102	0.052685400867	0.00071265117	0.001385515379
0.13435098937	0.054052605276	0.00068709497	0.001347426427
0.13503683532	0.055370432172	0.00068508235	0.001289284707
0.13572071897	0.056643599095	0.00068908765	0.00125295097
0.13641869496	0.057872359556	0.00070947724	0.001212902035
0.13714105921	0.059070630101	0.00073752007	0.001186343142
0.13790053974	0.060249947814	0.00078429686	0.001168455053
0.13871382699	0.061411220901	0.00084185725	0.00116903552
0.13958492231	0.06259382043	0.00090241274	0.001196176655
0.14051116301	0.063807489597	0.00095041732	0.001239527324
0.14149199096	0.065077781877	0.00100679294	0.00130484153
0.14251725009	0.066414512815	0.0010386681	0.001365732329
0.14356968882	0.067810805761	0.00107284279	0.001439713748
0.14465061721	0.0692935338	0.00107948305	0.00152199826
0.14573056169	0.070864996538	0.00108058033	0.001626520608
0.14680602874	0.072545529353	0.00106027027	0.001726869672
0.14785537697	0.074324905913	0.00103214326	0.00182788315
0.14886575543	0.076191121942	0.00097566536	0.001915345315
0.1498037124	0.078149116183	0.00090267019	0.001993112624
0.15066420302	0.080182623286	0.0008164877	0.002063567526
0.15142687167	0.08227495055	0.00071152974	0.002123196845
0.15209149895	0.084417139219	0.00061641967	0.002155348244
0.15265616864	0.086582431356	0.00050888853	0.002170349731
0.15311128507	0.08875381271	0.00040436857	0.002175090725
0.15346851722	0.090928699291	0.00030752305	0.002164680852
0.15372822318	0.093079281199	0.00021520253	0.002133761305
0.15390037857	0.095207543723	0.00013563188	0.002111020132
0.15399921152	0.097297287048	6.472166e-05	0.002069675286
0.15404069969	0.099340768496	1.908693e-05	0.002019660629
0.15403541641	0.10133141309	-1.702592e-05	0.00196127516
0.15400255573	0.10326891974	-4.648671e-05	0.00191920823
0.15395230366	0.10516437529	-5.588067e-05	0.00187419969
0.15389542641	0.10702265192	-5.495269e-05	0.00183942906
0.15384413349	0.1088448965	-4.512473e-05	0.00181465923
0.15380435882	0.11066253059	-3.210873e-05	0.00181319207
0.15377844147	0.1124767999	-1.755631e-05	0.00182596912
0.15377049237	0.11430105933	-3.60100000002e-06	0.00183183957
0.15377476474	0.11614304815	1.292264e-05	0.001841482
0.15378994491	0.11799733492	2.064481e-05	0.00187366169
0.15381733019	0.11988867059	2.728591e-05	0.00190928466
0.15384251759	0.12181801465	1.942224e-05	0.00195355372
0.15385485519	0.1237877873	-4.53640000009e-07	0.00198946958
0.15384233231	0.12581535186	-3.139821e-05	0.00205864346
0.1537897705	0.12789740809	-6.96872e-05	0.00210701725
0.1536942892	0.13002044071	-0.00012169074	0.00214628528
0.15354818876	0.13218660039	-0.00017325956	0.00217272101
0.15334249499	0.13437899029	-0.00024072014	0.00221200309
0.15306466561	0.13660807296	-0.00031606866	0.00224290627
0.15270974665	0.13885912814	-0.00039405073	0.00225881496
0.15227665517	0.14112052201	-0.00047171702	0.00227028987
0.15177025946	0.14339677366	-0.00053638577	0.00227244089
0.15120371229	0.14566565703	-0.00059560175	0.00226660387
0.15057916252	0.14793046476	-0.00066356961	0.00225885647
0.14988269593	0.15018275933	-0.00072416399	0.00224782019
0.14912427868	0.15242784736	-0.00079462117	0.00223893845
0.14829245413	0.15465496405	-0.00085812528	0.00222263786
0.14741296006	0.15687100245	-0.00091029591	0.0022088315
0.14646800886	0.15907951343	-0.00097128463	0.00220337716
0.14547503416	0.16127893095	-0.00102512352	0.00219530605
0.14441173756	0.1634662058	-0.00109280321	0.00217488784
0.1432980228	0.16562876012	-0.00113992533	0.00215604875
0.1421320684	0.16777889508	-0.00119447548	0.00214525434
0.14090629846	0.16992056067	-0.00125119865	0.00213540746
0.13962243562	0.1720490491	-0.00131784666	0.00213034384
0.13826816773	0.17418235795	-0.00138711548	0.00212581009
0.13685415847	0.17629852552	-0.00144812667	0.00210228478
0.13536974174	0.17837831188	-0.0015144577	0.00206261659
0.13381779968	0.18042553638	-0.00159139552	0.00202594913
0.13219449588	0.18243284742	-0.00166387701	0.00199263853
0.13050064546	0.18440222764	-0.00171541928	0.00193941425
0.12875103859	0.18631398923	-0.00178356211	0.00188674045
0.12694669739	0.18817644892	-0.0018340458	0.00183689643
0.12508031846	0.18998755915	-0.0018959327	0.0017913386
0.12315190634	0.19176066546	-0.00194764884	0.00173935407
0.12118345648	0.19346813997	-0.00198946299	0.00167565879
0.11917571293	0.19510844787	-0.00203946735	0.00161674877
0.11710826214	0.19669786464	-0.00208650628	0.00156082278
0.11499472936	0.19823555983	-0.0021303112	0.0015114256
0.11285620885	0.1997172528	-0.00215330643	0.00145370174
0.11068517467	0.20114377554	-0.00218832433	0.00139935648
0.10848172744	0.20252149792	-0.00221881047	0.00135868709
0.10624477084	0.20386180681	-0.00225582744	0.00132517396
0.10396620966	0.20516595174	-0.00229502859	0.00128287124
0.10165413631	0.20643175292	-0.00234022777	0.0012414591
0.099290156097	0.20766072402	-0.002389985967	0.00121449395
0.096874691392	0.20884928409	-0.002435812819	0.00116944471
0.094414266496	0.20999767891	-0.002483383345	0.00112021995
0.091902639901	0.21109166776	-0.002541570964	0.00107083399
0.089332227862	0.2121365108	-0.002597254279	0.00101685352
0.086704139846	0.21312188992	-0.002665839392	0.00095369788
0.084002998151	0.21404437051	-0.002727345395	0.0008848209
0.08125779811	0.21488968304	-0.002759335155	0.00081104018
0.078477875403	0.21566250027	-0.002806969592	0.00073138714
0.075646887178	0.21635399159	-0.00285545135	0.00065110312
0.072768187552	0.21696029531	-0.002901995384	0.00056439014
0.069835338901	0.21748832926	-0.002958301131	0.00048064202
0.066855020127	0.2179121908	-0.003000452176	0.00037406485
0.063849810826	0.21823529667	-0.003017052862	0.00027862422
0.060822454364	0.2184731518	-0.003037947897	0.00019179111
0.057770072103	0.21861899672	-0.00306099428	9.826186e-05
0.054698528154	0.21867527522	-0.003084451826	1.193981e-05
0.051602918193	0.21864069977	-0.003100942028	-8.115522e-05
0.048499050946	0.21851559648	-0.003106719718	-0.00016646834
0.045390928026	0.21830471786	-0.003108779865	-0.00024808342
0.042278540333	0.21801822781	-0.003114339862	-0.00032416977
0.03916131508	0.21765722356	-0.003123763545	-0.0004032809
0.036034599181	0.21720715715	-0.003131153848	-0.00049714122
0.032902184331	0.21667237806	-0.0031268731	-0.00057217908
0.029777186553	0.2160621467	-0.003129244142	-0.00065210276
0.02664423592	0.2153702867	-0.003133094007	-0.00072977299
0.02349985374	0.21459993589	-0.003162788158	-0.00080549511
0.020327370668	0.21374870126	-0.00317553937	-0.00089919655
0.017157177286	0.21281620265	-0.003167921109	-0.00097408345
0.013978133859	0.21178121858	-0.003187772791	-0.00106765281
0.010792080835	0.21068187864	-0.0031866954153	-0.0011576851
0.0075877592956	0.20947652539	-0.0032149962452	-0.00125866199
0.0043744034677	0.2081731803	-0.0032145614516	-0.00134775464
0.0011657256004	0.20676770156	-0.00320427290627	-0.00145426209
-0.0020451205521	0.20526061379	-0.00321382707453	-0.00156890683
-0.0052544901036	0.20363781012	-0.0032036468845	-0.00166829813
-0.0084527199008	0.20191915663	-0.0031944834996	-0.00177118792
-0.011644781992	0.20008995812	-0.003183550947	-0.00188103743
-0.014805472487	0.19816071367	-0.003136692653	-0.00197856125
-0.017951450253	0.19611723244	-0.00312961478	-0.00209999191
-0.021044269372	0.19397483541	-0.003089940335	-0.00220126518
-0.024131555845	0.19171587354	-0.003071090266	-0.00230862292
-0.027181070515	0.18935614807	-0.003029099637	-0.00241012434
-0.030188086756	0.18689778675	-0.002991535563	-0.00251140993
-0.033162813707	0.18434381785	-0.002952161936	-0.00258735483
-0.036098051031	0.18171344743	-0.002919010249	-0.00268179973
-0.030188086756	0.18689778675	-0.0029355860925	-0.00263457728
-0.033162813707	0.18434381785	-0.002952161936	-0.00258735483
-0.036098051031	0.18171344743	-0.002919010251	-0.00268179973
-0.03900841601	0.17898136552	-0.002906784645	-0.00278222187
-0.041892216898	0.17615358642	-0.002856227372	-0.00287622647
-0.044726835768	0.17322273776	-0.002816029748	-0.00299054731
-0.04752349536	0.17017970792	-0.002777096699	-0.00308465422
-0.050277382954	0.16705757462	-0.002736224973	-0.00317110713
-0.052997020458	0.1638302701	-0.002706420016	-0.00328256997
-0.055694108913	0.16049093275	-0.002671214663	-0.00338920935
-0.058338321645	0.15704689452	-0.002619489485	-0.00350113818
-0.060931132693	0.15348512893	-0.002570126864	-0.00360911034
-0.063471266763	0.14984297467	-0.002513596464	-0.00370965305
-0.06595350468	0.14606946797	-0.002447806029	-0.00381682125
-0.068376784739	0.14218542649	-0.002389920514	-0.00394453056
-0.070734948797	0.13818997166	-0.002324759206	-0.0040467331
-0.073025614505	0.13409777429	-0.002254528956	-0.0041418424
-0.075234742652	0.12991025398	-0.002166307574	-0.00423066488
-0.077362375326	0.12562474235	-0.002091954997	-0.00435131026
-0.079415637224	0.12122928223	-0.002009102356	-0.00442467912
-0.081377709164	0.11676270611	-0.001917258384	-0.00451514916
-0.083252119497	0.11220244386	-0.001834227828	-0.00461157309
-0.08504564346	0.1075438377	-0.001741586337	-0.00469383739
-0.086740890183	0.10281345091	-0.001658560847	-0.0047763969
-0.088349416244	0.097998891623	-0.001554231908	-0.004848793013
-0.089859845126	0.093101111604	-0.00147356923	-0.004945701208
-0.091291100363	0.088124785569	-0.001382167336	-0.005005576103
-0.092627542905	0.083076622933	-0.001293168006	-0.005088742428
-0.093876161876	0.077935534883	-0.001206885976	-0.005201666399
-0.095042962777	0.072700006636	-0.001122835311	-0.005264091804
-0.096115268556	0.067388302784	-0.001021921479	-0.005356443099
-0.097094612841	0.061973764563	-0.000933851101	-0.005475606799
-0.097974094817	0.056466325645	-0.000829177652	-0.005542790118
-0.098757687746	0.050873261208	-0.000741193702	-0.005644618152
-0.09944465918	0.045174671197	-0.000626045347	-0.005745152542
-0.10001255302	0.039390703379	-0.000512062743	-0.00582612028
-0.10047844353	0.033517793194	-0.00040881355	-0.00592121635
-0.10081649172	0.027550019513	-0.00026949551	-0.006006829828
-0.10102467626	0.021496709098	-0.00015287376	-0.006096399883
-0.10111299688	0.015358296486	-9.28585e-06	-0.006183095212
-0.10104450856	0.0091389384557	0.00014107868	-0.0062567972013
-0.10084207933	0.0028507328586	0.00027053604	-0.00632310500693
-0.10049142268	-0.0035046703252	0.00043052183	-0.00638207722787
-0.099984021533	-0.0099167936341	0.00057685251	-0.0064335861879
-0.099329970661	-0.016377495188	0.000736317293	-0.006489645977
-0.098515813605	-0.022884224581	0.000894775709	-0.006521393764
-0.097545034539	-0.029423929131	0.001041230867	-0.006564264007
-0.096419047518	-0.036016296318	0.001205410242	-0.006601241812
-0.095138905952	-0.042618384165	0.001354538459	-0.006616957181
-0.093716200949	-0.049268815234	0.001502583242	-0.006668670115
-0.092124900847	-0.055937464299	0.001651857304	-0.00667949121
-0.090410376505	-0.062634236524	0.001796907445	-0.006731228421
-0.088550192345	-0.069378976278	0.001933021042	-0.006742473596
-0.08653178162	-0.076136046438	0.002096118507	-0.006778059081
-0.084373952537	-0.082932223917	0.002233344609	-0.00680505642
-0.082060395063	-0.089747338335	0.002370398383	-0.006826568426
-0.079622407824	-0.09659360815	0.002517806723	-0.006863583368
-0.077035507372	-0.1034680042	0.002664988414	-0.00686539869
-0.074287758554	-0.11034661908	0.002817750416	-0.00691427381
-0.07139396377	-0.11725925418	0.002984167346	-0.00691470176
-0.068322898757	-0.12418138574	0.003149804611	-0.00693445165
-0.065092146769	-0.13112871322	0.003310559983	-0.00694282855
-0.061705202612	-0.13805989772	0.003473026424	-0.00693991499
-0.058146083944	-0.14502224831	0.003631764739	-0.00695047706
-0.054423909058	-0.15195772835	0.003823453932	-0.00693534558
-0.050514548475	-0.15889492355	0.00399351184	-0.00693838729
-0.046446537189	-0.1658168383	0.004150394544	-0.00689953315
-0.042203782645	-0.17271529013	0.004326242806	-0.00690022044
-0.037790752364	-0.17959020606	0.004510636258	-0.006856595
-0.033191250804	-0.18642876133	0.004674161928	-0.0068267604
-0.028428856037	-0.19324390571	0.004843677079	-0.00677912327
-0.023506168598	-0.19999726111	0.005020961365	-0.00674613223
-0.018397743912	-0.20672590739	0.005182772881	-0.00669753823
-0.013141047657	-0.2133959348	0.005333854812	-0.00663462224
-0.0077246211318	-0.22001496076	0.0055002384953	-0.00660870677
-0.0021344393234	-0.22658820798	0.00566611775521	-0.00653955894
0.0035982770497	-0.23309617168	0.00581570696989	-0.00649498203
0.0094930823415	-0.23956968419	0.0059809906266	-0.00643651426
0.015550679846	-0.24597842475	0.006121203419	-0.00637438788
0.021751730774	-0.25234341158	0.006281124904	-0.00634728614
0.028127690529	-0.25864923694	0.006450913501	-0.00627558388
0.034637713201	-0.26489203912	0.006594304663	-0.00622966157
0.041318216937	-0.27109680325	0.006773742434	-0.00615614055
0.048172885523	-0.27721064228	0.006924996175	-0.00607621395
0.055182952046	-0.28326030692	0.007097898611	-0.00601068134
0.062373852652	-0.28922284523	0.007266727725	-0.00591829624
0.069709580858	-0.295089691	0.007429987191	-0.00582560218
0.077230427622	-0.30088077799	0.00759523318	-0.0057351672
0.084900169456	-0.30655687031	0.007754430531	-0.00562949581
0.092746004976	-0.31213545608	0.007923198821	-0.00552900313
0.10073893804	-0.31760624879	0.008069523535	-0.00539824809
0.10890516475	-0.32294549686	0.00824245807	-0.00527951894
0.11721085073	-0.32817354642	0.00838517167	-0.00517288284
0.12567687743	-0.33327177132	0.00854051857	-0.00501883217
0.13426357075	-0.33822615119	0.00865817639	-0.00489710417
0.1430033082	-0.34305160046	0.00879743679	-0.00476530285
0.15185677635	-0.34774582282	0.00892622033	-0.00461740431
0.16083751282	-0.35230258029	0.0090140777	-0.00447527625
0.16992336955	-0.35670069695	0.00915045668	-0.00433670102
0.17911581911	-0.36097386837	0.00924662084	-0.00420032075
0.18842450136	-0.36509758129	0.00936118598	-0.00405293053
0.19781368337	-0.36907346691	0.00944584799	-0.00390836046
0.20731788208	-0.37291376665	0.00954095614	-0.00378165777
0.21691625391	-0.37663651749	0.00965634449	-0.00365325293
0.22661501125	-0.38021468465	0.00974856452	-0.00350163755
0.2364264998	-0.38365089136	0.00984940297	-0.00336289597
0.24632184534	-0.3869435264	0.00995506703	-0.00322389633
0.25632506484	-0.39009280664	0.01004474159	-0.00307613117
0.26642703231	-0.39309315151	0.01014876618	-0.00292075277
0.27660738167	-0.39592894505	0.0102497278	-0.00275950095
0.28690714804	-0.398616243	0.01032279625	-0.00259764236
0.29728751454	-0.40112282944	0.01042041848	-0.00242425178
0.30773437204	-0.40347238632	0.01049538887	-0.00227201703
0.31826634888	-0.40565539499	0.0105591009	-0.00208894989
0.3288633613	-0.40765340302	0.01062943096	-0.0019135274
0.33951367304	-0.40946936871	0.01069150505	-0.00171681258
0.35022796709	-0.41109672024	0.01071955722	-0.00153844042
0.36098947453	-0.41254870334	0.01078110741	-0.00136531353
0.37177164986	-0.41382962755	0.01081513451	-0.00118895125
0.38259815083	-0.41492769764	0.01083690047	-0.00101658089
0.39345815965	-0.41585430999	0.01086269612	-0.0008410317
0.4043314935	-0.41662004008	0.01089298515	-0.00067403192
0.41522683724	-0.41720294496	0.01090326128	-0.00051017663
0.42614177	-0.41762545874	0.0109120308	-0.0003367221
0.43706397049	-0.41788807255	0.01092858965	-0.00017455287
0.44798857786	-0.41798554909	0.01092800681	-2.469181e-05
0.45891867609	-0.41792089085	0.01093262852	0.00013559454
0.46986168306	-0.41771496233	0.01094625351	0.00029412318
0.48080904847	-0.41734437301	0.01095909221	0.00044908795
0.49176816071	-0.41681310143	0.01096404002	0.00060534139
0.50274382439	-0.41611999531	0.01097690971	0.00077764864
0.51372504454	-0.41527203228	0.01098948174	0.00093507771
0.52470711616	-0.41424761091	0.01099019734	0.00109898224
0.53570594682	-0.41306244824	0.01097783842	0.00128017579
0.54670076825	-0.41169803547	0.01100130375	0.00144894002
0.55767298632	-0.41015983835	0.01098380104	0.00162932658
0.56865186034	-0.40843731253	0.01095216841	0.00181287007
0.57960843487	-0.40653445606	0.01093636141	0.00199549591
0.5905160426	-0.40444110579	0.01089713106	0.0021896506
0.60139090239	-0.40215671249	0.01084676208	0.00237364681
0.61221107989	-0.39969275198	0.01078628399	0.00255247137
0.6229667047	-0.39706182873	0.01072251756	0.00271672929
0.63364109925	-0.39425396219	0.01064284793	0.00289248799
0.64424911033	-0.39128665424	0.01055226792	0.0030435862
0.65476596797	-0.38815766838	0.01047528267	0.00321007268
0.66519235961	-0.38487825209	0.01041042264	0.0033126814
0.67037564539	-0.38319018865	0.01033999104	0.00341174083
0.68065885603	-0.37971157178	0.01024738001	0.0035459684
0.69086299188	-0.37610513273	0.01013817571	0.00366287437
0.7009601438	-0.37237657549	0.01005645901	0.00379272097
0.71096320585	-0.36853105671	0.00995758659	0.00388552373
0.72088358348	-0.36459099424	0.00987362033	0.00399462617
0.7307039701	-0.36055045876	0.00978919068	0.0040938056
0.74044962479	-0.35640369799	0.00968730897	0.00420428962
0.75010096935	-0.35214693381	0.00961163214	0.00430379689
0.75966136071	-0.34779968375	0.00953306449	0.00439194066
0.76915697443	-0.34336075328	0.00943933964	0.00449622345
0.77856013671	-0.33880406795	0.00936719974	0.00461658304
0.78788210927	-0.33413952768	0.00927354227	0.00470275392
0.79713013394	-0.32938191264	0.00920050355	0.00480882117
0.80627046984	-0.32451750472	0.00911038023	0.00492462013
0.81533886145	-0.31954051521	0.00901242978	0.00501863452
0.82430508822	-0.31447153995	0.00893451466	0.00512142234
0.83318697733	-0.30930117798	0.00882382965	0.00524015944
0.84196751154	-0.30400595481	0.00872585435	0.00533382541
0.85063071659	-0.29862589536	0.00860749866	0.00542818306
0.85918813853	-0.29314622821	0.00849480675	0.00553553928
0.8676122948	-0.28757098937	0.00837236013	0.00560509959
0.87592787984	-0.28192102884	0.00823702441	0.0056935396
0.88409490424	-0.27618087658	0.00813770368	0.00576936664
0.88813395238	-0.27328240023	0.00804683219	0.00581555772
0.89611186852	-0.26743623918	0.007902947	0.00587530815
0.90395773895	-0.26152422849	0.00778512334	0.00594826539
0.91166508646	-0.25554881838	0.00763509762	0.00599437086
0.91924712581	-0.24953195024	0.00752104311	0.00604336523
0.92669109357	-0.24345625699	0.00737053891	0.00609860857
0.9340084948	-0.23734910091	0.00730401678	0.0061125995
0.93761846515	-0.234278146	0.00718015955	0.00614557882
0.94473419123	-0.22810789289	0.00706044669	0.00618877982
0.95174136908	-0.22190829224	0.00694497656	0.00621577254
0.95861692983	-0.21567711317	0.00681999465	0.00625838202
0.96538530584	-0.2093984499	0.0067108529	0.00629135827
0.97203043186	-0.20309248084	0.00658085066	0.00632157967
0.97855530745	-0.19674748145	0.00647218024	0.0063624243
0.98496715479	-0.19037645677	0.00634322955	0.00638409404
0.99124544553	-0.18397668938	0.00621752284	0.00642280213
0.99740544378	-0.17753761837	0.00609674506	0.00644713682
1.0034295366	-0.17108089792	0.0059521275	0.00647025908
1.0093179689	-0.1645908744	0.0058298097	0.00650147986
1.0150804378	-0.15808430031	0.0056829232	0.00650726973
1.0206908198	-0.1515678773	0.0055462319	0.00653816013
1.0261670253	-0.14502800212	0.0054098313	0.00653519947
1.0314967851	-0.13849412514	0.0052498138	0.00654102283
1.0341061909	-0.13521780138	0.005149352	0.00655029408
1.0392159502	-0.12868396982	0.0050456969	0.00652279694
1.0441961139	-0.12216417246	0.0049033066	0.00651690683
1.0490285038	-0.11564992389	0.0047640009	0.00649424972
1.0537210179	-0.10917101997	0.0046298695	0.0064654743
1.0582905751	-0.10271776273	0.00450272	0.006440201868
1.0627221567	-0.096304690915	0.0043654209	0.006386987084
1.0670308844	-0.089936378953	0.0042439288	0.006353842864
1.0712149436	-0.083603632024	0.0041400623	0.006304490211
1.0753012654	-0.077326898014	0.0040186725	0.006253282545
1.0792637887	-0.071085977007	0.0039150342	0.006214927182
1.0831312757	-0.064903940389	0.0038173767	0.006158832919
1.086908223	-0.058767312808	0.0037367749	0.006119996336
1.0905989261	-0.052668929036	0.0036399864	0.00607084611
1.0941858287	-0.046621973399	0.003543046	0.006026865406
1.0976857265	-0.040603022858	0.0034501758	0.006004875975
1.1010900276	-0.034629502823	0.0033677699	0.005949305573
1.1044161226	-0.028694324491	0.0032783733	0.005919966249
1.1076505684	-0.022785414525	0.0031850473	0.005887191087
1.1107849563	-0.01692355999	0.0030899252	0.005839133072
1.1138287292	-0.011100390741	0.0029970202	0.0058178835862
1.1167766067	-0.0053084977902	0.0028994523	0.0057641135817
1.1196347673	0.00043521075438	0.0028070555	0.0057235127806
1.1223848629	0.0061427726799	0.0027031649	0.0056861195375
1.1250355097	0.011794757441	0.0025991445	0.005621575162
1.1275861035	0.017386162582	0.0025049309	0.005565922911
1.1300422417	0.022934605916	0.0024025456	0.005509141717
1.1324007441	0.028404239525	0.0023212001	0.005441225113
1.1346783989	0.033810816517	0.0022296537	0.00537234334
1.1368588077	0.039148865058	0.0021375833	0.00529886003
1.1389545381	0.044407587359	0.0020490121	0.005216753812
1.1409657964	0.049583031785	0.0019759828	0.005147910133
1.1429032906	0.054695831981	0.0019010164	0.005061040112
1.1447706541	0.059710709805	0.0018345244	0.004975058332
1.1465779486	0.064646802378	0.0017759862	0.004900872111
1.1483228305	0.069511997907	0.0017183895	0.004821860069
1.1500154582	0.074289590896	0.0016629858	0.004740032381
1.1516491499	0.078991177067	0.0016060797	0.004664650581
1.1532251274	0.083623160046	0.0015540622	0.004595410483
1.154756693	0.08817843524	0.0015047539	0.004512006211
1.1562385162	0.092651231083	0.0014584885	0.004438416014
1.1576727044	0.097059082036	0.0014106179	0.004385692498
1.1590548648	0.10141242088	0.0013555209	0.004308249363
1.1603852933	0.10568195635	0.0013055021	0.00423854368
1.1616726144	0.10988825468	0.0012679733	0.00417876177
1.1629119902	0.114038286	0.001213038	0.00411261088
1.1640997506	0.11811452027	0.0011619196	0.00403652333
1.1652420493	0.12212264285	0.0011158258	0.00397139187
1.1663264112	0.12605091112	0.0010593011	0.0038956381
1.1673636481	0.12990634174	0.0010126183	0.00381693821
1.1683527717	0.13368156828	0.00096415	0.00372706415
1.1692918368	0.13736467976	0.0009186254	0.00363933818
1.1701913772	0.14095713461	0.0008787644	0.00355134366
1.1710492168	0.14447491479	0.0008439704	0.00347894929
1.1718787195	0.14790265093	0.0008097509	0.00337613108
1.1726727523	0.15122473781	0.0007835856	0.00328402049
1.1734342272	0.15446472753	0.0007409461	0.00318191953
1.1741686514	0.1576078775	0.0007255777	0.00310182585
1.1748824078	0.16067076117	0.0007005524	0.00301586423
1.1755709902	0.163632553	0.0006809617	0.00291461452
1.1762472653	0.16650022673	0.0006753327	0.00282317942
1.176920493	0.16928115634	0.0006713689	0.00274141496
1.1775953098	0.17197938335	0.0006748357	0.00265331214
1.1782684607	0.17459489184	0.0006725049	0.00257609292
1.1789437511	0.17712880613	0.0006769018	0.0024924927
1.179618937	0.1795784974	0.0006757559	0.00241233935
1.1802973509	0.18195182381	0.0006834784	0.00233802472
1.1809808359	0.18425906416	0.0006818467	0.00226649388
1.1816652789	0.18648036871	0.0006879598	0.00218504364
1.182354864	0.18863515284	0.0006911996	0.0021215648
1.1830504768	0.19072111186	0.0007001454	0.00205152063
1.1837560626	0.19273897744	0.0007075185	0.00198635275
1.1844625261	0.19469235964	0.0007043494	0.00191533035
1.1851677334	0.19657590983	0.000709269	0.00185209039
1.1858772927	0.1983942037	0.0007130663	0.00178479985
1.1865981698	0.20014519176	0.0007280851	0.00171898352
1.1873298001	0.20182953527	0.0007382128	0.00165354018
1.1880747039	0.20345209687	0.0007500873	0.00158991416
1.1888349885	0.20501314348	0.0007705253	0.0015315125
1.1896101177	0.20651661204	0.0007797813	0.00146962066
1.1903977157	0.20795137077	0.0007971097	0.0014060207
1.191201261	0.20932584275	0.0008100834	0.00134217666
1.1920229948	0.21063946112	0.0008277704	0.00128384462
1.1928587079	0.21189915434	0.0008448243	0.00123589721
1.1937100479	0.21310758397	0.0008572069	0.00118333944
1.1945749412	0.21426565659	0.0008730394	0.00113565
1.1954550367	0.21537449362	0.0008878027	0.00108165372
1.1963477709	0.21643604225	0.000896319	0.00103855397
1.1972431202	0.21745281356	0.0008984544	0.00099298206
1.1981505283	0.21842093202	0.0009103682	0.00094381623
1.1990677361	0.21933745756	0.0009260757	0.00089361744
1.1999998938	0.22020456641	0.0009406232	0.0008392305
1.2009462193	0.22102128172	0.0009519892	0.00079322932
1.201902068	0.2217872001	0.0009580142	0.00073722032
1.2028668628	0.22249839269	0.0009718514	0.00068642818
1.203841294	0.22315567172	0.0009781123	0.00063046607
1.2048269161	0.22376085132	0.0009923574	0.00057696765
1.2058268058	0.22431251817	0.0010099189	0.00052428887
1.2068423243	0.22480555374	0.0010224376	0.00046504349
1.2078786332	0.22524351099	0.0010497768	0.00040933204
1.2089409599	0.22562495767	0.001077962	0.00035625101
1.2100345875	0.22595880723	0.0011038388	0.00030822243
1.2111544938	0.22624102218	0.0011380515	0.00026091356
1.2123088142	0.22648215893	0.0011644966	0.00021813732
1.213483869	0.22668012982	0.0011901654	0.000179981
1.2146900247	0.22683527482	0.0012219926	0.00013300678
1.2159229991	0.22695023486	0.0012483146	9.624616e-05
1.2171862255	0.22702870437	0.0012787147	6.017265e-05
1.2184787686	0.22707189133	0.0013062289	3.153826e-05
1.2198003475	0.22709036197	0.0013347865	2.65504999999e-06
1.2211479284	0.22708200409	0.001361575	-2.248745e-05
1.2225226689	0.22704410874	0.0013838567	-4.983218e-05
1.2239151161	0.22698005383	0.0014062187	-7.906522e-05
1.2253306604	0.22688601925	0.0014235141	-0.00010931707
1.2267661056	0.22676373916	0.0014467234	-0.00013609975
1.2282229555	0.22661219602	0.0014637657	-0.0001655582
1.2296935749	0.22643623493	0.0014812091	-0.00018911232
1.2311829256	0.22622969803	0.001491897	-0.00022064787
1.2326818491	0.22599628532	0.0015088878	-0.00024677158
1.2341987705	0.22573223434	0.0015252384	-0.00028001389
1.2357348398	0.22543574863	0.0015431505	-0.00031520975
1.2372862013	0.22510377561	0.00156161	-0.00034806349
1.2388550587	0.22473698719	0.0015793102	-0.00038287338
1.2404455152	0.2243379106	0.0016044851	-0.00041524703
1.2420622268	0.22390701897	0.0016256342	-0.0004493569
1.2436970809	0.22344668574	0.0016459112	-0.00047513126
1.2453548801	0.22295625619	0.0016649793	-0.00050371548
1.2470263935	0.22243314804	0.001681811	-0.00054071193
1.2487157864	0.22187760796	0.0016972624	-0.00056996562
1.2504292243	0.22129426467	0.0017280482	-0.00060006473
1.2521689473	0.22067553766	0.0017445991	-0.00063139606
1.2539229466	0.22003094552	0.0017703103	-0.00065723797
1.2557051486	0.21936462615	0.0017936978	-0.00068209175
1.2575115498	0.2186655053	0.0018168406	-0.00071006381
1.2593369992	0.21794314753	0.001835757	-0.00073631924
1.261186627	0.21719072986	0.0018618571	-0.00077249685
1.2630569437	0.21640567081	0.0018796853	-0.00079629965
1.2649493153	0.2155922988	0.0019076027	-0.00083045633
1.2668714422	0.21474675585	0.0019373515	-0.00086178476
1.2688231524	0.21386596022	0.0019664814	-0.00089535987
1.2708055978	0.21295658694	0.001999471	-0.00092329079
1.272823699	0.21201925045	0.0020393636	-0.00095448382
1.2748890057	0.21105355885	0.0020837355	-0.00097318872
1.2769842715	0.21007116207	0.0021121351	-0.00099125289
1.2791151491	0.20906975942	0.0021455642	-0.00100999752
1.2812771416	0.20805330307	0.002181731	-0.00102770881
1.2834767964	0.20701824921	0.0022198196	-0.00104126022
1.2857134955	0.20596826904	0.0022544792	-0.00105461825
1.287983943	0.20491227853	0.0022872008	-0.00105759395
1.2902895871	0.20385411753	0.0023201527	-0.00106082794
1.2926263764	0.20279102361	0.0023543861	-0.00106218771
1.294992419	0.20172592576	0.0023766453	-0.00106255033
1.2973794284	0.20066899234	0.002397129	-0.00105229375
1.2997855629	0.19961636782	0.0024114605	-0.00105392381
1.3022023155	0.19856331912	0.0024265612	-0.0010507687
1.3046401686	0.1975162424	0.0024442182	-0.00104981983
1.3070932402	0.1964607503	0.0024531711	-0.00105529673
1.3095445369	0.19540609285	0.0024493815	-0.00105879797
1.3119945574	0.19434241871	0.0024558074	-0.00107027469
1.3144557456	0.19326874447	0.0024653226	-0.00107794114
1.3169220944	0.19218028109	0.002470988	-0.00110193362
1.3193970473	0.19106773268	0.0024796729	-0.00111814925
1.3218828757	0.18993881844	0.0024924801	-0.0011372602
1.3243760252	0.18879463578	0.0024953825	-0.00116111355
1.3268795102	0.18761979983	0.0025117978	-0.00118833251
1.3294015648	0.18641698261	0.0025304897	-0.00121089175
1.3319430391	0.18519650109	0.0025531754	-0.00123022695
1.3345078682	0.18395939441	0.0025847266	-0.00124751026
1.3371118664	0.18270132854	0.0026207305	-0.00126545403
1.3397471226	0.18142729596	0.0026454204	-0.00127980788
1.3424024781	0.18014605424	0.0026696286	-0.00128469003
1.3450914445	0.17885835094	0.002706072	-0.00128689023
1.3478134247	0.17757199744	0.0027360099	-0.00128864619
1.3505673766	0.17627942565	0.0027746041	-0.00128856176
1.3533520679	0.174999637	0.0027944488	-0.00127753862
1.3561580504	0.17372632263	0.0028157676	-0.00126349827
1.3589833322	0.17247117268	0.0028314469	-0.00124880222
1.3618236877	0.17123222609	0.0028465414	-0.00122536069
1.3646718586	0.17001944619	0.0028531844	-0.00120176627
1.3675331435	0.16882757817	0.002868113	-0.00118048701
1.3704030263	0.16765516787	0.0028639112	-0.00116533549
1.3732558913	0.16649947647	0.0028448439	-0.00114590246
1.3760914308	0.16535527639	0.0028338192	-0.00113612817
1.3789237149	0.16423084754	0.0028177935	-0.00112366652
1.3817354807	0.16310804687	0.0028061176	-0.00112132062
1.3845315572	0.16198402279	0.0027872905	-0.00112276071
1.3873072192	0.16086038495	0.0027650873	-0.00112821601
1.3900622352	0.15972797829	0.0027430149	-0.00114009377
1.3928002252	0.15858245239	0.0027299334	-0.00115464504
1.3955212674	0.15742198579	0.0027147697	-0.00116458146
1.3982268456	0.15624824127	0.0027029474	-0.00118277704
1.4009261781	0.15505802162	0.0026969108	-0.00119944544
1.4036222556	0.15384544058	0.0026886305	-0.00122256406
1.4063070515	0.15261581872	0.0026858629	-0.00123601763
1.4089941919	0.15137287682	0.0026877012	-0.00125143588
1.4116807908	0.15011529494	0.0026872774	-0.00126340943
1.4143729736	0.14884534323	0.0026985004	-0.00127493358
1.4170699055	0.14756777399	0.002695516	-0.00128268088
1.419759056	0.14628231081	0.0026793871	-0.00128753798
1.4224377565	0.14498648223	0.0026758582	-0.00130077733
1.4251118321	0.14368254541	0.0026714396	-0.00130718166
1.4277802414	0.14237342321	0.0026610482	-0.00130895246
1.4304346502	0.14106430554	0.0026490941	-0.00131267267
1.4330751916	0.13975238266	0.0026347555	-0.00131667345
1.4356996618	0.13843046747	0.0026120256	-0.0013213385
1.4382984628	0.13710585799	0.0025882727	-0.00132892794
1.4408736427	0.13577228781	0.002558897	-0.00134198308
1.4434153328	0.13442181106	0.0025306135	-0.00135881537
1.4459371806	0.13304917835	0.0025120977	-0.00137991637
1.4484319074	0.13166278847	0.0024756985	-0.00140001279
1.4508930237	0.13024925368	0.0024422325	-0.00142742184
1.4533203139	0.12880465747	0.0024128957	-0.00146113203
1.4557234251	0.12732238059	0.0023890843	-0.00150658166
1.4580998859	0.12579872872	0.0023681126	-0.00154156741
1.4604549005	0.12423430163	0.0023476576	-0.00158856368
1.4627956235	0.12262264445	0.0023357019	-0.00163655555
1.4651297191	0.12096633858	0.0023248079	-0.00167662655
1.4674460686	0.11926462717	0.0023123142	-0.00172376907
1.469757054	0.11751206998	0.0023117932	-0.00176972776
1.4720656991	0.11572686497	0.0023037049	-0.00181032215
1.4743681238	0.11389337654	0.0023029746	-0.00186074855
1.4766684813	0.11201087487	0.0022963435	-0.001904056
1.4789625514	0.11008639574	0.0022907293	-0.00194579031
1.4812514521	0.10811435777	0.002289919	-0.00199230265
1.4835405556	0.10610441201	0.002285801	-0.00202867674
1.4858250676	0.10405938836	0.0022876972	-0.00206531507
1.4881114764	0.10197369247	0.0022809884	-0.00210476649
1.4903894972	0.099844914191	0.0022819103	-0.002151258535
1.492672163	0.097671712157	0.0022730052	-0.002194957939
1.4949388085	0.095453614748	0.0022622822	-0.002240144301
1.4971967135	0.093190338523	0.0022537272	-0.00229327595
1.4994470157	0.090874333026	0.002245213	-0.00233473561
1.5016882611	0.088513979676	0.0022404089	-0.002391740032
1.5039255206	0.086090945541	0.0022335658	-0.002452106383
1.5061571542	0.083606032625	0.0022403735	-0.002515929615
1.5084021098	0.081059623742	0.0022396479	-0.002581679558
1.5106452465	0.078447637686	0.0022443164	-0.002642739822
1.5128937542	0.075768852474	0.0022492501	-0.002710821133
1.5151399075	0.073028207108	0.0022486984	-0.002770099374
1.5174011502	0.070215049977	0.0022697796	-0.002849268455
1.5196721559	0.067342716165	0.0022836579	-0.002911199828
1.5219692505	0.064387781412	0.0023079725	-0.002987590012
1.5242888048	0.061371978938	0.0023356332	-0.003046139643
1.5266400038	0.058295306822	0.0023668922	-0.003106830512
1.5290172113	0.055159681234	0.0023874696	-0.003164666927
1.5314198209	0.051963632357	0.0024195333	-0.00322673258
1.533857727	0.048704961932	0.0024542685	-0.003294095865
1.5363286054	0.045383510544	0.0024846497	-0.003346074175
1.5388321021	0.042013957103	0.0025254533	-0.003393264877
1.5413778061	0.038588705343	0.0025616397	-0.003452353427
1.5439545001	0.035115226188	0.0025927522	-0.003502044731
1.5465600647	0.031581055368	0.0026261626	-0.003566859012
1.5492038854	0.027988353911	0.0026591446	-0.003608718596
1.551878232	0.024355982414	0.0026907306	-0.003663471858
1.5545912391	0.020665289583	0.0027317637	-0.003718855243
1.5573375053	0.016917682964	0.0027619384	-0.003775289467
1.5601185769	0.013110314537	0.0027968624	-0.003832123676
1.5629287451	0.0092584581534	0.002832121	-0.0038867739252
1.5657773241	0.0053462592758	0.0028648714	-0.0039356546211
1.5686699962	0.0013667565269	0.0029135236	-0.00401120520509
1.5716046099	-0.0026704899006	0.0029613272	-0.00406921889021
1.5745903975	-0.0067664965126	0.003009202	-0.0041214350546
1.5776222201	-0.01091664917	0.0030592614	-0.0041787878338
1.5807126142	-0.015127898828	0.0031141342	-0.004245585073
1.5838501599	-0.019397648454	0.0031708889	-0.00428837771
1.5870543214	-0.023711140289	0.0032432366	-0.004340124969
1.5903291248	-0.028075805345	0.0032957088	-0.004389732359
1.5936554277	-0.032494924238	0.0033579132	-0.004445739536
1.5970427293	-0.036953500025	0.0034179848	-0.004475697371
1.6004889064	-0.041451445499	0.0034831735	-0.00452060428
1.6040066634	-0.045994805594	0.003543224	-0.004560956353
1.6075812462	-0.050575500542	0.0036026959	-0.004596894723
1.6112107845	-0.055188566219	0.0036594911	-0.004626591846
1.6149009311	-0.059828182311	0.0037254183	-0.004667624928
1.6186586615	-0.064519177799	0.0037871516	-0.004702314432
1.622479652	-0.069237441164	0.0038439096	-0.004733573144
1.626345431	-0.073985837334	0.0038983036	-0.004767150359
1.6302765377	-0.078775964891	0.0039586869	-0.004808845676
1.6342651012	-0.083596420665	0.0040280019	-0.004835676134
1.6383230871	-0.088451210015	0.0040779729	-0.004871344293
1.6424272975	-0.093343251352	0.0041382729	-0.00492447642
1.646597702	-0.098284295105	0.0042011417	-0.004948007218
1.6508394087	-0.10325213098	0.0042803576	-0.00498620098
1.6551478546	-0.10825616379	0.0043360975	-0.00503269099
1.6595182628	-0.11331250071	0.0044078396	-0.00506524411
1.6639631903	-0.11839177618	0.0044889788	-0.00510465944
1.6684942957	-0.12351243548	0.0045633346	-0.00513840184
1.6730957942	-0.12867616999	0.0046408821	-0.0051718364
1.6777755194	-0.1338557523	0.0047250534	-0.00519725975
1.6825478197	-0.1390682441	0.0048144398	-0.00523064685
1.6873993959	-0.14431843319	0.0048928022	-0.00525436651
1.6923349683	-0.14957668813	0.0049775041	-0.00527238375
1.6973633638	-0.15485816484	0.0050790822	-0.00529296111
1.7024833441	-0.16016129424	0.0051580768	-0.00530247217
1.7076819797	-0.16546537063	0.0052419433	-0.00530976831
1.7129735556	-0.17078137632	0.0053416272	-0.00532430571
1.7183577636	-0.17611095285	0.0054245023	-0.00532645127
1.7238245068	-0.18143687897	0.0055105986	-0.00532767115
1.7293868064	-0.18676415742	0.0056089734	-0.00532879693
1.735031665	-0.19209527169	0.0056837532	-0.0053253476
1.7407512585	-0.1974140925	0.0057643389	-0.00532299522
1.7465651258	-0.20273761165	0.0058529077	-0.0053256247
1.7524525092	-0.20806105861	0.0059245383	-0.00531502708
1.7584151405	-0.21336893173	0.0060078729	-0.00530772907
1.7644649724	-0.21867870375	0.0060857925	-0.00530991603
1.7705887347	-0.22398450072	0.0061578996	-0.00529647028
1.7767912673	-0.22927648968	0.0062467377	-0.00529018574
1.7830700381	-0.23456567449	0.0063156435	-0.00529081657
1.789423919	-0.23984892101	0.0064042412	-0.00527177149
1.7958789166	-0.2451163381	0.0064847958	-0.00525984101
1.8023974563	-0.25037436194	0.0065614174	-0.00525517326
1.8090081383	-0.25561870697	0.0066539205	-0.00523469428
1.8156957134	-0.26084398185	0.0067267954	-0.00521588967
1.8224678618	-0.26605683559	0.0068200496	-0.00520827541
1.8293285218	-0.27125041418	0.0068973726	-0.00517813983
1.836259844	-0.27641646307	0.0069752966	-0.00515528715
1.8432827395	-0.28156257795	0.0070600608	-0.00513872906
1.8503792489	-0.28668381756	0.0071330528	-0.00510253781
1.8575616763	-0.29177379104	0.0072224187	-0.00507429591
1.8648138419	-0.2968365708	0.0072912168	-0.00505168338
1.872148864	-0.30186601305	0.0073732369	-0.00500517702
1.8795541283	-0.30685225699	0.007441546	-0.00496589508
1.887038139	-0.31180256334	0.007522277	-0.00493596841
1.894590692	-0.31671626869	0.0075816437	-0.00488748896
1.9022124878	-0.32157940798	0.0076649989	-0.00484266585
1.9099052618	-0.32640187737	0.0077215813	-0.00480697825
1.917659462	-0.33119008647	0.0077882003	-0.00476363517
1.9254694063	-0.33592974956	0.0078318155	-0.00471701007
1.9333418702	-0.34062681539	0.0079047645	-0.00467659367
1.941269509	-0.34528617019	0.0079535283	-0.00463614778
1.9492535208	-0.34989122223	0.0080170592	-0.00458251941
1.9572880901	-0.35445312914	0.0080527009	-0.004539472
1.9653710366	-0.35897927409	0.0081110504	-0.00450920382
1.9735060033	-0.36346570582	0.0081528297	-0.00446272374
1.981691336	-0.36790323541	0.0082122337	-0.0044174445
1.9899162597	-0.37230040013	0.0082482296	-0.0043834317
1.9981912526	-0.37666507325	0.008299472	-0.00434123981
2.006506318	-0.38098305033	0.0083314416	-0.00429415479
2.0148750024	-0.38525830178	0.008391583	-0.00425158637
2.023274942	-0.38949412572	0.0084266463	-0.00422266373
2.0317304815	-0.39369712774	0.008474164	-0.00418048785
2.0402176007	-0.39785157423	0.0085186167	-0.00413016337
2.0487653719	-0.40195915024	0.0085593648	-0.0040891194
2.0573439434	-0.40603242607	0.0086060528	-0.00405542387
2.0659729504	-0.41006763991	0.0086432473	-0.00401054987
2.0746358949	-0.41405314162	0.0086898154	-0.00396620878
2.0833432072	-0.4179978868	0.0087219125	-0.00392722275
2.0920904773	-0.42191031005	0.0087675915	-0.00388987154
2.100872556	-0.42577866157	0.0088015165	-0.00384110028
2.1097003966	-0.42959484401	0.0088484567	-0.00379935545
2.1185616684	-0.43337160054	0.0088849385	-0.00375636384
2.1274680997	-0.43710854273	0.0089208362	-0.00371396031
2.136408995	-0.44079577583	0.0089646413	-0.00365974604
2.145389761	-0.4444293562	0.0089863365	-0.00361231951
2.1543964013	-0.44802165927	0.0090295678	-0.00356474209
2.1634376436	-0.45156352073	0.0090609591	-0.00352189808
2.1725157136	-0.45506167335	0.0090915636	-0.00347248372
2.1816175894	-0.45850640561	0.0091212879	-0.00341716982
2.1907573272	-0.46189967583	0.0091466668	-0.00336842055
2.1999236305	-0.465246232	0.0091845547	-0.0033218538
2.2091180977	-0.46854223591	0.0092025996	-0.0032732677
2.218335785	-0.47178891341	0.0092329723	-0.00322318738
2.2275741017	-0.4749850464	0.0092578521	-0.0031667582
2.2368486171	-0.4781243705	0.0092770647	-0.00310991486
2.2461366604	-0.48120972861	0.0092992592	-0.00306371334
2.255443882	-0.48424951998	0.0093141662	-0.00301411499
2.2647692078	-0.48723477861	0.0093351609	-0.00295916297
2.2741053511	-0.4901683971	0.0093458255	-0.00290633359
2.2834599654	-0.49304981968	0.0093522555	-0.0028547177
2.2928149106	-0.49588164263	0.0093644699	-0.00280924552
2.3021827874	-0.4986633375	0.0093649611	-0.00276120824
2.3115499881	-0.50140488328	0.0093719101	-0.00271771175
2.3209203315	-0.50409676387	0.0093751013	-0.00266565595
2.3303032862	-0.50674362849	0.0093816083	-0.00262768596
2.3396836339	-0.50934745881	0.0093877094	-0.00258188754
2.3490731362	-0.51190861512	0.0093853607	-0.00254500159
2.3584638292	-0.51443620845	0.0093915291	-0.00250987771
2.3678539336	-0.51692950539	0.0093934841	-0.00247081485
2.3772515153	-0.5193838323	0.009398391	-0.00243892205
2.3866457173	-0.52180262821	0.0094021507	-0.00240191675
2.3960507905	-0.52418781327	0.0093969802	-0.00236767803
2.4054543546	-0.52654147088	0.0094065168	-0.0023369682
2.4148576921	-0.52886218008	0.0094063972	-0.00230737922
2.4242669886	-0.53115560999	0.0094095856	-0.00227769131
2.4336772373	-0.53341412579	0.0094153045	-0.00224274886
2.4430936321	-0.5356423913	0.0094106887	-0.00221351677
2.4525125282	-0.53784026693	0.009422238	-0.00218227026
2.4619281669	-0.54000518901	0.0094212841	-0.00215107844
2.4713548451	-0.54214203716	0.0094256678	-0.0021209202
2.4807819765	-0.5442528004	0.0094303972	-0.00209847837
2.4902153494	-0.54633628201	0.0094325722	-0.00206551332
2.4996472775	-0.54838515955	0.009433081	-0.00203672711
2.5090750229	-0.55040694439	0.0094323987	-0.00200487244
2.5185115828	-0.55239926253	0.0094323378	-0.00198019771
2.5279446498	-0.55436366496	0.0094363768	-0.00194873811
2.5373779241	-0.55629968592	0.0094277307	-0.00192538147
2.5468103022	-0.55821592008	0.0094335766	-0.00190139846
2.556239783	-0.56010672823	0.0094333593	-0.00188337899
2.5656739123	-0.56197863886	0.0094310692	-0.0018619151
2.5751066746	-0.56382797834	0.0094362936	-0.00183909719
2.5845433362	-0.56565817638	0.0094342155	-0.00181873362
2.5939859233	-0.5674671782	0.0094482471	-0.00179820828
2.6034262754	-0.56925678171	0.0094497839	-0.00178201665
2.6128863477	-0.57102557984	0.0094546397	-0.00175667394
2.622345981	-0.57277411769	0.0094699918	-0.00173565262
2.631816447	-0.57449767715	0.009470653	-0.00171743764
2.6412944498	-0.5762060064	0.0094833538	-0.00169524961
2.650779333	-0.57788760201	0.0094926961	-0.00167067264
2.6602785831	-0.57954764347	0.0094987101	-0.00164677154
2.6697850162	-0.58117913191	0.0095140352	-0.00161985162
2.6792987339	-0.5827885215	0.0095163667	-0.00159596321
2.6888242571	-0.584372693	0.0095291189	-0.00157422015
2.6983507843	-0.5859348906	0.0095344389	-0.00154820642
2.707891207	-0.58746889006	0.0095402637	-0.00152164089
2.7174381146	-0.58897973786	0.0095523087	-0.00149554873
2.7269938542	-0.59046083818	0.0095608029	-0.00146938372
2.736558541	-0.59191470215	0.0095677899	-0.00143680973
2.7461294119	-0.59333554181	0.0095755057	-0.00140604882
2.7557080109	-0.59472666942	0.0095783124	-0.00137410498
2.7652915542	-0.59608516057	0.009586412	-0.00134551431
2.7748749533	-0.59741513118	0.0095901683	-0.00131306382
2.7844692508	-0.5987131479	0.0095917994	-0.00128341131
2.7940637735	-0.59998202922	0.0095990093	-0.00125394045
2.8036646664	-0.60121945145	0.0095994374	-0.00122215736
2.8132694832	-0.60242548706	0.0096067817	-0.00119070629
2.822871906	-0.6036014177	0.0096049047	-0.00116110813
2.8324795065	-0.60474733092	0.0096045652	-0.00113050156
2.8420852013	-0.6058637416	0.0096087877	-0.00109891714
2.8516924377	-0.60694478561	0.0096080885	-0.00106441912
2.8613012686	-0.60799363557	0.0096085152	-0.00103399254
2.8709085441	-0.60901106848	0.009607369	-0.00100112626
2.8805177077	-0.60999744993	0.0096086106	-0.00096786736
2.890128817	-0.61094597436	0.0096113355	-0.00093334779
2.8997359459	-0.61186274284	0.0096078841	-0.00089771174
2.9093432269	-0.61274305301	0.0096037896	-0.00086265485
2.918946212	-0.61358617554	0.0096015942	-0.00082567303
2.9285427867	-0.61439499221	0.0095918897	-0.00078996743
2.9381346178	-0.61516660226	0.0095908561	-0.00075320237
2.9477166151	-0.61589992224	0.0095785967	-0.00071429617
2.9572927884	-0.61659637485	0.0095677688	-0.0006763346
2.9668585805	-0.61725285171	0.0095617122	-0.0006371202
2.9764121464	-0.61786900565	0.0095476179	-0.00059703099
2.9859542377	-0.61844599747	0.0095333667	-0.00055722999
2.995478121	-0.61898461871	0.0095171845	-0.00051805162
3.0049856799	-0.61948283446	0.0094968083	-0.00047921303
3.0144741723	-0.61994260547	0.0094774623	-0.00043916664
3.0239390139	-0.62036290913	0.009453889	-0.00040400197
3.0333808567	-0.62074913206	0.0094282985	-0.00036788726
3.0427955138	-0.62109995583	0.0094019149	-0.0003336266
3.0521836666	-0.62141593455	0.0093729481	-0.00030094163
3.061542941	-0.62170229456	0.009343792	-0.00026860991
3.0708716072	-0.62195665507	0.009314237	-0.00024265077
3.0801697782	-0.62218365241	0.0092823747	-0.0002132311
3.0894363169	-0.62238598118	0.0092508842	-0.00018996153
3.0986718433	-0.62256320291	0.0092201179	-0.00016651288
3.1078768198	-0.62271926654	0.0091881479	-0.0001453554
3.11704955	-0.62285487533	0.0091579752	-0.00012578877
3.1261909105	-0.62297040131	0.0091272745	-0.00010606441
3.1353018245	-0.62306787534	0.0090949068	-8.862968e-05
3.1443814014	-0.62314893171	0.0090634378	-7.340292e-05
3.1534300859	-0.62321464341	0.0090343395	-5.940595e-05
3.1624505072	-0.6232674868	0.0090044429	-4.529935e-05
3.171440182	-0.62330627059	0.0089748454	-3.480589e-05
3.1803999942	-0.62333483914	0.008945938	-2.274374e-05
3.1893312423	-0.62335397839	0.0089174606	-1.39743399999e-05
3.1982330169	-0.62336230764	0.0088863635	-3.62589000003e-06
3.207104872	-0.62336320952	0.0088569943	3.45834999993e-06
3.2159472932	-0.62335530718	0.0088281738	9.40501000002e-06
3.2247622952	-0.62334277971	0.0088000909	1.73613700001e-05
3.233548833	-0.62332224227	0.0087724971	2.18318499999e-05
3.242307929	-0.62329726291	0.0087465055	2.82822100001e-05
3.2510403822	-0.62326820193	0.0087211983	3.045489e-05
3.2597478822	-0.62323416386	0.0086947038	3.676195e-05
3.2684297451	-0.62319700893	0.0086684955	3.94414799999e-05
3.2770875008	-0.62315502799	0.0086445959	4.22034200001e-05
3.2857190684	-0.6231121301	0.0086190079	4.42027899999e-05
3.2943256706	-0.62306649156	0.0085947733	4.67162200001e-05
3.302908916	-0.62301974916	0.0085699655	4.77893799999e-05
3.3114670345	-0.6229705496	0.0085452327	4.939616e-05
3.319999398	-0.62292025264	0.0085208524	5.113556e-05
3.3285067828	-0.62286866022	0.0084950896	5.188715e-05
3.336989733	-0.62281695206	0.0084701931	5.16972e-05
3.3454483992	-0.62276540749	0.0084480805	5.151633e-05
3.353883685	-0.62271400231	0.0084245223	5.086181e-05
3.3622961074	-0.62266321335	0.0084002748	5.070406e-05
3.370686107	-0.62261301587	0.0083772574	4.986094e-05
3.3790496791	-0.6225631508	0.0083500236	4.90789099999e-05
3.387386195	-0.62251493843	0.0083234083	4.82181e-05
3.395697602	-0.62246796572	0.008297631	4.48401900001e-05
3.4039825623	-0.6224245927	0.0082725482	4.200678e-05
3.4122427998	-0.62238590353	0.0082473812	3.44973399999e-05
3.4204778018	-0.62235446045	0.0082219452	2.944522e-05
3.4286868097	-0.62232842466	0.0081977189	2.204697e-05
3.4368716435	-0.62230913976	0.0081719355	1.683438e-05
3.4450316413	-0.62229676523	0.0081484119	6.77142000005e-06
3.4531671049	-0.6222936759	0.0081236297	-3.56990000006e-07
3.461279854	-0.62229929104	0.008101005	-1.08688e-05
3.4693698763	-0.62231423052	0.0080801436	-1.93617799999e-05
3.4774387395	-0.62233986541	0.0080580534	-3.119479e-05
3.4854872713	-0.62237545183	0.0080398376	-3.954334e-05
3.4935161065	-0.62242057868	0.0080183336	-5.133172e-05
3.5015254672	-0.62247675428	0.0080000662	-6.13189099999e-05
3.5095154758	-0.62254373028	0.0079812151	-7.293741e-05
3.5174883151	-0.62262157973	0.0079636307	-8.339348e-05
3.525442773	-0.62271121939	0.0079463472	-9.552697e-05
3.533380454	-0.62281261709	0.0079291824	-0.00010716019
3.541302053	-0.6229251352	0.0079139443	-0.00011783196
3.5492075854	-0.62304848306	0.0078974604	-0.00012860926
3.5570978347	-0.62318190441	0.0078827369	-0.00013851219
3.5649728009	-0.62332622749	0.0078679736	-0.00014874413
3.5728349893	-0.62347822802	0.0078547572	-0.00015641658
3.5806811863	-0.62363983202	0.0078388959	-0.00016622705
3.5885134752	-0.62380979332	0.0078241282	-0.00017431224
3.5963293337	-0.62398947132	0.0078079377	-0.00018393206
3.6041299733	-0.62417655541	0.0077929308	-0.00019161504
3.6119144265	-0.62437413651	0.0077761182	-0.00020223739
3.6196827137	-0.62458040253	0.0077607648	-0.00021235322
3.6274351875	-0.62479919167	0.007743336	-0.00022366285
3.6351705815	-0.62502768615	0.0077282401	-0.00023480952
3.642890399	-0.6252687455	0.0077102394	-0.00024658561
3.6505929538	-0.62552101547	0.0076966734	-0.00025886667
3.6582811691	-0.62578725912	0.0076780836	-0.00027260642
3.665951355	-0.62606458189	0.0076643168	-0.00028422404
3.6736080497	-0.62635794987	0.0076473636	-0.00030076988
3.681247997	-0.62666466052	0.0076341286	-0.00031439941
3.6888752398	-0.62698803475	0.0076190743	-0.00033072815
3.6964873238	-0.62732547784	0.0076078418	-0.00034564149
3.7040890769	-0.62767997038	0.007593753	-0.00036266983
3.711676951	-0.62805014322	0.0075845806	-0.00037840515
3.719256714	-0.62843731946	0.007571801	-0.00039567326
3.7268224983	-0.62884083591	0.0075632049	-0.0004105145
3.734382433	-0.62925969106	0.0075522685	-0.00042682504
3.7419285978	-0.62969437528	0.0075435642	-0.00044258921
3.7494699303	-0.63014488242	0.0075336292	-0.00045715891
3.7569986111	-0.63061017043	0.0075270956	-0.00047446391
3.7645229257	-0.63109090981	0.0075177398	-0.00048841249
3.7720354906	-0.63158647051	0.0075099823	-0.000501913
3.7795428605	-0.63209434636	0.0075032291	-0.00051370195
3.7870393464	-0.63261461207	0.0074924966	-0.00052682207
3.794529214	-0.6331484395	0.0074853822	-0.00053997809
3.8020083999	-0.63369377608	0.0074743527	-0.00055218655
3.8094799627	-0.63425275982	0.0074678058	-0.00056432708
3.8169405067	-0.63482385732	0.0074547999	-0.00057900816
3.8243913866	-0.63540988298	0.0074471278	-0.00059274857
3.8318323157	-0.63600930927	0.0074348434	-0.0006071953
3.839262973	-0.63662476184	0.0074266269	-0.00062316471
3.8466837991	-0.63725505176	0.0074160479	-0.00063886876
3.8540962025	-0.63790338996	0.0074085407	-0.00065664352
3.8614998148	-0.63856817655	0.0073998098	-0.00067402476
3.8688960578	-0.63925110288	0.0073925488	-0.00069120555
3.876285273	-0.63995176354	0.0073857355	-0.00070999716
3.8836680898	-0.64066982057	0.0073793862	-0.00072599166
3.8910449636	-0.64140514255	0.0073737233	-0.00074462285
3.8984156488	-0.64215716285	0.0073691102	-0.00075932344
3.9057832479	-0.64292596615	0.0073635395	-0.00077756849
3.9131440196	-0.64371075768	0.0073601751	-0.00079215568
3.9205043536	-0.64451121773	0.0073583103	-0.00080758181
3.927859807	-0.64532501427	0.0073540993	-0.00082044008
3.9352155618	-0.64615209418	0.0073544669	-0.00083382968
3.9425670605	-0.64699207116	0.0073503152	-0.00084610642
3.9499174372	-0.64784485419	0.0073501326	-0.00085841499
3.9572644135	-0.64870885733	0.0073448028	-0.00086978052
3.9646090749	-0.64958409175	0.0073448302	-0.00087976247
3.9719492096	-0.65046794125	0.0073367718	-0.00088928132
3.9792854619	-0.65136248342	0.0073340323	-0.00089834263
3.9866152272	-0.6522632317	0.0073259092	-0.00090503498
3.9939372545	-0.65317403753	0.007318151	-0.00091478093
4.001250642	-0.65409291825	0.0073087463	-0.00092328639
4.0085546734	-0.65501991201	0.0072986988	-0.00093126061
4.0158492091	-0.655956057	0.0072895163	-0.00094119654
4.023132801	-0.65690044678	0.0072784963	-0.00094725825
4.0304062393	-0.65785302856	0.007266036	-0.00095862201
4.0376653543	-0.65881647999	0.0072531507	-0.00096717961
4.0449127192	-0.65978897918	0.0072405068	-0.00097900764
4.0521446701	-0.6607736728	0.0072236133	-0.00099036495
4.0593629553	-0.66176934449	0.0072107935	-0.00100275047
4.0665641918	-0.662781044	0.0071910386	-0.00101728015
4.0737471342	-0.66380450461	0.0071779186	-0.00103122591
4.0809149779	-0.66484289319	0.0071580375	-0.00104733592
4.0880647896	-0.66589893896	0.0071423119	-0.00106427551
4.0951990498	-0.66697109208	0.0071247369	-0.00108141134
4.1023160808	-0.66806289487	0.0071098702	-0.00110193524
4.1094174919	-0.66917431498	0.0070925963	-0.00112175531
4.1165028112	-0.67030716155	0.0070772481	-0.00114312391
4.1235716209	-0.67146181454	0.007060894	-0.00116706344
4.1306251781	-0.67263962797	0.0070458941	-0.00118781169
4.1376640945	-0.67383964937	0.0070322705	-0.00121315365
4.1446871784	-0.67506417373	0.0070136267	-0.00123590865
4.1516947495	-0.67631210318	0.0070031905	-0.00126149762
4.1586881685	-0.67758716098	0.0069855862	-0.00128804662
4.1656678683	-0.67888891464	0.0069742199	-0.0013148224
4.1726353064	-0.68021596492	0.0069582023	-0.00133985488
4.1795865502	-0.68156925432	0.0069452397	-0.00136766609
4.1865255524	-0.68295077532	0.0069308674	-0.00139379753
4.1934488206	-0.68435899842	0.0069163057	-0.00142369762
4.2003595691	-0.68579714894	0.0069039805	-0.00145252455
4.2072562249	-0.68726517457	0.0068892511	-0.00148212533
4.214139016	-0.688761078	0.0068775639	-0.00151127065
4.2210088043	-0.69028814255	0.0068623332	-0.00154207042
4.2278649346	-0.69184558326	0.0068515658	-0.0015733156
4.2347099578	-0.69343524615	0.0068375121	-0.00160842008
4.2415392325	-0.69505890221	0.0068227404	-0.00163885264
4.2483592185	-0.6967159142	0.0068123555	-0.00167353454
4.2551634204	-0.69840666073	0.0067993164	-0.00170982438
4.2619577038	-0.70013508199	0.0067881089	-0.00174585507
4.2687399268	-0.70189941442	0.0067760877	-0.00178397559
4.2755095928	-0.70370187093	0.0067653035	-0.0018211695
4.2822686788	-0.70554434315	0.0067520678	-0.00186223272
4.2890145362	-0.70742604026	0.0067418175	-0.00190266929
4.2957529341	-0.70935182764	0.0067304938	-0.00194853838
4.302478068	-0.71132122262	0.0067216985	-0.001991752
4.3091960553	-0.71333630413	0.0067136609	-0.00203774449
4.3159034189	-0.71539691168	0.0067033666	-0.0020858596
4.3226047732	-0.71750879753	0.0066980831	-0.0021362365
4.3292982987	-0.71966964797	0.0066915887	-0.00218676673
4.3326441815	-0.72076939776	0.006687748	-0.00222435878
4.3393324789	-0.72300628997	0.0066895814	-0.00226423365
4.3460188707	-0.72529831822	0.0066864379	-0.00231849137
4.3527080546	-0.72764403956	0.0066879596	-0.00235947478
4.3560542293	-0.72883757278	0.0066917723	-0.00239984231
4.362745691	-0.73126399117	0.0066939251	-0.00245488012
4.3694433444	-0.73374741483	0.0067009775	-0.00251117626
4.3761473431	-0.73628651256	0.0067076867	-0.00256664314
4.3828588266	-0.73888022958	0.0067183142	-0.0026213404
4.389585418	-0.74153090101	0.00673152	-0.00268006997
4.3963229034	-0.74423805558	0.0067455234	-0.00273405586
4.403077346	-0.74699968364	0.0067627101	-0.002788701
4.4098481552	-0.7498160234	0.0067800254	-0.0028425519
4.4166376701	-0.75268284558	0.006800416	-0.00289216554
4.4234474727	-0.7556018687	0.0068185936	-0.00294494942
4.4302760664	-0.75857201019	0.0068411627	-0.00299586534
4.4371295456	-0.76159233327	0.006862416	-0.00304391769
4.4440035884	-0.76466192755	0.0068860338	-0.00309487645
4.4509017663	-0.7677796739	0.0069092543	-0.00314102666
4.4578213514	-0.77094377516	0.0069307977	-0.00318728947
4.4647655378	-0.77415421386	0.0069574315	-0.00323167731
4.4717327153	-0.7774081542	0.0069778244	-0.00327777863
4.4787222436	-0.78070919991	0.0070020518	-0.00332334252
4.4857357648	-0.78405432811	0.0070244806	-0.00336620883
4.4927709685	-0.78744140289	0.0070479989	-0.00341041458
4.4998314256	-0.79087425669	0.007069761	-0.00345451217
4.5069119898	-0.79435159636	0.0070934215	-0.00350084995
4.5140169879	-0.7978746485	0.0071157454	-0.00354522625
4.5211442867	-0.80144230218	0.0071379544	-0.00358950836
4.5282967388	-0.8050558861	0.0071649484	-0.00363678695
4.5354714439	-0.8087154054	0.0071879193	-0.00368452533
4.5426736223	-0.81242555021	0.0072161123	-0.00373319537
4.5499024389	-0.81618177118	0.0072422746	-0.00377937392
4.5571584243	-0.81998442186	0.0072721584	-0.00382790167
4.564445121	-0.82383668646	0.0072995714	-0.00387736453
4.5717600973	-0.82774056036	0.0073318098	-0.00392874974
4.5791079568	-0.83169453825	0.0073626286	-0.00397856055
4.586486283	-0.835697173	0.0073970789	-0.00402884437
4.5939014886	-0.83975022216	0.0074297201	-0.00407729926
4.6013486151	-0.84385488868	0.0074655236	-0.00413092716
4.6088329919	-0.84800973977	0.0075020766	-0.00417742107
4.616352058	-0.85221325715	0.0075385017	-0.00423011663
4.6239101756	-0.85646758983	0.0075760636	-0.00427942354
4.6315053705	-0.86077374525	0.0076161375	-0.00433145565
4.6391417482	-0.86512846773	0.0076551427	-0.00437971705
4.6468160473	-0.8695331319	0.0076954656	-0.00442927768
4.6545331825	-0.87398758671	0.0077371861	-0.00448068932
4.662290874	-0.87849300841	0.0077796383	-0.00452699476
4.6700942176	-0.88304414991	0.0078245184	-0.00457730297
4.6779381061	-0.88764457981	0.0078671481	-0.00462534379
4.6858291658	-0.89229523633	0.0079133283	-0.00467408363
4.693763763	-0.89699170992	0.0079568829	-0.00471942845
4.7017464917	-0.90173584221	0.0080060093	-0.00476698927
4.7097738489	-0.9065273774	0.0080511256	-0.00481649994
4.717849188	-0.91136616253	0.0080966381	-0.00486135748
4.7259692568	-0.9162525382	0.0081468961	-0.00491123655
4.7341391612	-0.92118706647	0.0081929577	-0.00496054817
4.7423555524	-0.92617096021	0.0082416973	-0.00500492349
4.7506230296	-0.93120182244	0.0082913373	-0.00505593342
4.7589387821	-0.93628246167	0.0083421023	-0.00510702576
4.7673061761	-0.94141447069	0.0083926478	-0.00515510612
4.7757247586	-0.94659352536	0.0084482074	-0.0052048598
4.7842003237	-0.95182261882	0.0085012761	-0.00525488115
4.7927307119	-0.95710191026	0.0085591071	-0.00530201785
4.8013173799	-0.96243050649	0.0086141685	-0.00535022327
4.8099621722	-0.96780297444	0.008673591	-0.00539966264
4.8186641986	-0.97322600999	0.0087319851	-0.00544329695
4.8274286465	-0.97869155658	0.0087948928	-0.0054888203
4.8362515825	-0.98420308764	0.0088541671	-0.00553531484
4.8451368202	-0.98975929541	0.0089160863	-0.00557640509
4.8540822819	-0.99535723112	0.0089773408	-0.00561858294
4.8630905103	-1.0009977815	0.0090379892	-0.00566208399
4.8721620795	-1.0066780584	0.0091031638	-0.005700875
4.881294796	-1.012399244	0.0091640285	-0.0057417856
4.8904910859	-1.0181625016	0.0092268545	-0.005781704
4.8997482256	-1.0239623412	0.0092897831	-0.0058190697
4.9090689495	-1.0298012124	0.0093505741	-0.0058603352
4.9184517311	-1.0356813574	0.009414457	-0.0058981446
4.9278961867	-1.0415993814	0.0094749648	-0.0059376774
4.9374036556	-1.0475564156	0.009538918	-0.0059770953
4.9469716301	-1.053551585	0.0096006272	-0.0060137297
4.9566035019	-1.0595842349	0.0096611541	-0.0060529349
4.9662974461	-1.0656586828	0.0097257109	-0.0060924714
4.9760543579	-1.071769471	0.0097896151	-0.0061307106
4.9858768943	-1.0779191595	0.0098547307	-0.0061704031
4.9957632112	-1.0841087032	0.0099199604	-0.0062072096
5.0057167489	-1.0903352402	0.0099845264	-0.0062466726
5.0157349053	-1.0966028985	0.0100518429	-0.0062865419
5.0258188882	-1.1029070137	0.0101198675	-0.0063231692
5.0359726161	-1.1092499747	0.010186581	-0.0063649963
5.0461956336	-1.1156345837	0.0102556714	-0.0064027049
5.0564870496	-1.1220556057	0.0103297452	-0.0064398971
5.0668513645	-1.1285174977	0.0103984317	-0.0064791662
5.0772882327	-1.135014585	0.0104734118	-0.0065154464
5.0877962448	-1.1415495607	0.0105469276	-0.0065545017
5.0983799372	-1.1481197891	0.0106193676	-0.0065880372
5.109039749	-1.1547257374	0.0106975963	-0.0066239329
5.1197727919	-1.1613665734	0.0107740467	-0.0066559242
5.1305842157	-1.1680382037	0.0108473072	-0.0066889379
5.1414716334	-1.1747452274	0.0109257957	-0.0067222805
5.1524340622	-1.1814818742	0.0110030817	-0.0067509997
5.1634773327	-1.1882474465	0.0110800611	-0.006781337
5.1745965196	-1.1950431952	0.0111576051	-0.0068090678
5.1857928989	-1.2018657634	0.0112357814	-0.0068369936
5.1970670573	-1.2087169177	0.0113152041	-0.0068630952
5.2084188212	-1.2155921319	0.0113887495	-0.0068892017
5.2198488066	-1.2224956531	0.0114683577	-0.0069152204
5.2313551564	-1.2294225438	0.011545777	-0.0069379495
5.2429402356	-1.2363731475	0.0116236516	-0.0069622666
5.2546010912	-1.2433452559	0.0116992045	-0.006983758
5.2663408669	-1.2503404834	0.0117775782	-0.0070077477
5.2781552635	-1.2573573797	0.0118542019	-0.0070271723
5.2900486436	-1.2643959509	0.0119309456	-0.0070494038
5.3020180238	-1.2714570105	0.012006966	-0.007069605
5.2960237716	-1.2679240305	0.0120254276	-0.00707325
5.3080307376	-1.2749936355	0.0120475818	-0.007079259
5.2960237716	-1.2679240305	0.0120475818	-0.007079259
5.3080307376	-1.2749936355	0.0120475818	-0.007079259
5.320118582	-1.2820836009	0.0121248092	-0.0071003453
5.3322825994	-1.2891936745	0.0122024721	-0.0071186294
5.3445257241	-1.2963206013	0.0122838411	-0.0071372991
5.3568469002	-1.3034651277	0.0123615741	-0.0071506556
5.3692478355	-1.310624679	0.0124406212	-0.0071673457
5.3817289747	-1.3178002777	0.0125186027	-0.0071808348
5.394288839	-1.3249868297	0.0126010697	-0.007193911
5.4069286617	-1.3321874542	0.0126787321	-0.0072056369
5.4196466965	-1.3393979406	0.0127593754	-0.0072151862
5.4324454513	-1.3466174448	0.0128389573	-0.0072236517
5.4453235484	-1.3538445014	0.0129156923	-0.007231013
5.4582783988	-1.3610791841	0.012994516	-0.0072383273
5.4713142226	-1.3683192555	0.0130742393	-0.0072418856
5.4844264122	-1.3755637973	0.0131513285	-0.0072477384
5.4976153156	-1.3828113071	0.0132288056	-0.007246566
5.5108823132	-1.390059486	0.0133043037	-0.0072489371
5.5242254431	-1.3973076189	0.0133817737	-0.0072467771
5.5376445088	-1.4045518943	0.0134546028	-0.0072437434
5.5511370481	-1.4117959275	0.013528953	-0.0072400783
5.564702035	-1.4190325239	0.0136008487	-0.0072345044
5.5783371278	-1.4262653239	0.0136705221	-0.0072290123
5.5920416003	-1.4334912691	0.0137387654	-0.0072219046
5.6058147246	-1.4407094862	0.0138067169	-0.0072143869
5.6196535226	-1.4479174891	0.0138720034	-0.0072035104
5.6335589621	-1.4551169161	0.0139362348	-0.0071931948
5.6475273372	-1.4623041111	0.0139983011	-0.0071820338
5.661555866	-1.4694793229	0.0140600311	-0.0071704143
5.6756463129	-1.476644415	0.0141180011	-0.007157908
5.6897933471	-1.4837960184	0.0141771635	-0.0071475774
5.7039976538	-1.4909372309	0.0142320945	-0.0071347977
5.7182563282	-1.4980666631	0.0142853326	-0.0071237938
5.7325689537	-1.5051858165	0.0143404654	-0.0071131276
5.7469350143	-1.5122940272	0.0143923272	-0.0071029085
5.7613543599	-1.5193930402	0.0144460839	-0.0070938681
5.7758249702	-1.5264801014	0.0144963607	-0.0070819447
5.7903482704	-1.5335577679	0.0145475844	-0.0070718949
5.8049230608	-1.5406229854	0.0145971829	-0.0070590805
5.8195434982	-1.5476748465	0.0146482647	-0.0070464922
5.8342164071	-1.5547150076	0.0146963304	-0.0070331253
5.8489382352	-1.5617408799	0.0147463374	-0.0070188275
5.8637078222	-1.5687529398	0.0147920633	-0.0070034831
5.8785237549	-1.5757479476	0.0148399096	-0.0069877168
5.8933842668	-1.5827280224	0.0148819525	-0.0069706547
5.9082892441	-1.5896895393	0.0149272561	-0.0069521691
5.9232376476	-1.5966337676	0.0149697615	-0.0069350787
5.9382292428	-1.6035575958	0.0150110631	-0.0069121997
5.9532589913	-1.6104604534	0.0150504228	-0.0068946938
5.968328917	-1.6173420481	0.0150889234	-0.0068705215
5.9834358458	-1.6242030208	0.0151236369	-0.0068508107
5.9985765721	-1.6310409378	0.0151581685	-0.0068242521
6.0137508855	-1.6378539176	0.0151894409	-0.0068001701
6.0289548855	-1.6446424042	0.0152190567	-0.0067762302
6.0441863285	-1.6514053689	0.0152438918	-0.006749704
6.059443856	-1.6581433309	0.015270038	-0.0067269123
6.0747236048	-1.6648560927	0.0152908646	-0.0066975781
6.0900251052	-1.6715414822	0.0153104389	-0.0066743604
6.1053452816	-1.6782027302	0.0153300463	-0.0066475929
6.1206825439	-1.6848367956	0.015344099	-0.0066230781
6.1360357327	-1.6914489438	0.0153602568	-0.0065979303
6.1514007825	-1.6980339437	0.0153703352	-0.0065734565
6.1667778782	-1.704595757	0.0153825819	-0.0065500895
6.1821645255	-1.7111329178	0.0153908508	-0.0065239944
6.1975597788	-1.7176453266	0.0153981725	-0.0065016411
6.2129607162	-1.7241354605	0.0154039403	-0.006477284
6.2283654922	-1.7306003755	0.0154047413	-0.0064547606
6.2437730861	-1.7370456981	0.0154087199	-0.0064333054
6.2591811041	-1.7434667135	0.0154077849	-0.0064102523
6.274588876	-1.7498659465	0.0154064537	-0.0063904414
6.2899941657	-1.7562466454	0.0154048241	-0.0063690161
6.3053960091	-1.7626036958	0.0153978052	-0.006348124
6.3207923599	-1.7689439924	0.0153940675	-0.0063281456
6.336182927	-1.7752637342	0.0153857729	-0.0063093177
6.35156459	-1.7815611228	0.0153779848	-0.0062918389
6.366937147	-1.7878441918	0.0153672823	-0.0062734105
6.3822990908	-1.794108499	0.0153564821	-0.0062560218
6.3976488128	-1.8003577468	0.0153417429	-0.0062392142
6.4129839772	-1.8065889615	0.0153285781	-0.0062238447
6.428304544	-1.8128046786	0.015313481	-0.006210754
6.4436101421	-1.8190094841	0.015295362	-0.0061976183
6.4588982214	-1.825199844	0.0152798675	-0.0061858462
6.4741688347	-1.8313824349	0.0152622549	-0.0061761808
6.489421737	-1.8375521091	0.0152428221	-0.0061637922
6.5046552261	-1.8437112261	0.0152244518	-0.0061570275
6.5198693427	-1.849863091	0.0152028142	-0.0061451842
6.5350625294	-1.8560043505	0.0151834651	-0.006137966
6.5502348859	-1.8621403607	0.015161127	-0.0061321079
6.565386023	-1.8682672556	0.0151399741	-0.0061233156
6.5805140385	-1.8743883411	0.0151185258	-0.0061192592
6.5956213278	-1.8805031044	0.0150957877	-0.0061096746
6.6107059768	-1.8866101575	0.0150731423	-0.006103574
6.6257670902	-1.8927118241	0.0150496259	-0.006100093
6.6408049482	-1.8988058258	0.0150242627	-0.0060893466
6.6558159776	-1.9048929045	0.0149981313	-0.0060853415
6.6708001564	-1.910974369	0.0149703823	-0.0060760812
6.685755169	-1.917048904	0.0149410362	-0.0060720573
6.7006813527	-1.9231186664	0.0149108501	-0.006069654
6.7155766894	-1.9291844021	0.0148812519	-0.0060623126
6.7304424104	-1.9352456209	0.0148480367	-0.0060608113
6.7452742167	-1.9413064978	0.0148154045	-0.0060583807
6.7600708205	-1.9473637505	0.0147785299	-0.0060572611
6.7748330958	-1.9534205583	0.0147431293	-0.0060582023
6.7895579948	-1.9594792922	0.0147078113	-0.0060585398
6.8042467321	-1.9655371735	0.0146691087	-0.0060601241
6.8188976758	-1.9716015381	0.0146305528	-0.0060640584
6.8335089156	-1.9776664369	0.0145916403	-0.0060680103
6.8480818772	-1.9837372786	0.0145533612	-0.0060756902
6.8626152072	-1.9898170106	0.0145126534	-0.0060814276
6.877108095	-1.9959028157	0.0144735468	-0.0060901239
6.8915599171	-2.0019985131	0.0144319541	-0.0061032325
6.9059715613	-2.0081050417	0.0143911379	-0.0061115549
6.9203419563	-2.0142248633	0.0143497239	-0.0061280056
6.9346713591	-2.0203594932	0.0143101652	-0.0061404833
6.9489590777	-2.0265076211	0.0142681594	-0.0061555234
6.9632083503	-2.0326730561	0.0142279352	-0.0061747983
6.9774157599	-2.0388548129	0.0141864943	-0.0061915229
6.991581705	-2.0450544596	0.0141461047	-0.0062101363
7.0057077574	-2.0512785617	0.0141038881	-0.0062328141
7.0197933503	-2.0575210812	0.014066068	-0.0062541388
7.0338389001	-2.063787218	0.014026735	-0.0062805354
7.0478467529	-2.0700778573	0.0139879506	-0.006302095
7.0618150199	-2.0763942506	0.0139502332	-0.0063292394
7.0757462395	-2.082736219	0.0139132304	-0.0063541365
7.0896391039	-2.0891039595	0.0138752632	-0.0063814272
7.1034971338	-2.0955007898	0.01383881	-0.0064111745
7.1173187479	-2.101923961	0.0138024034	-0.0064384769
7.1311034867	-2.1083759583	0.0137684255	-0.006467511
7.1448557113	-2.1148603294	0.0137354658	-0.0064974391
7.1585753076	-2.1213721254	0.013703101	-0.0065273087
7.1722611534	-2.1279167835	0.0136707104	-0.0065622082
7.1859155642	-2.1344940255	0.013640492	-0.0065912384
7.1995416307	-2.1411029882	0.0136108046	-0.0066272306
7.2131370896	-2.1477447617	0.0135820737	-0.0066580009
7.2267054246	-2.1544187071	0.0135530611	-0.0066913683
7.2402461657	-2.1611293511	0.0135266298	-0.0067255386
7.253761582	-2.1678706511	0.0135044539	-0.0067584257
7.2672530077	-2.1746464641	0.0134792856	-0.0067931621
7.2807210061	-2.1814549444	0.0134557031	-0.006822562
7.2941650286	-2.1882940346	0.0134351358	-0.0068568482
7.3075886933	-2.1951636426	0.01341543	-0.0068831653
7.3209941049	-2.2020622045	0.0133936453	-0.0069143129
7.3343786865	-2.2089922881	0.0133729595	-0.006942866
7.3477442495	-2.215947582	0.0133566222	-0.0069704512
7.3610890589	-2.222932552	0.0133344824	-0.006997172
7.3744135714	-2.2299428428	0.0133146508	-0.0070220373
7.3877181414	-2.2369790133	0.0132963343	-0.0070504261
7.4010043958	-2.2440412801	0.0132783494	-0.0070740969
7.4142747154	-2.2511277721	0.0132585361	-0.0070998913
7.4275239552	-2.2582391864	0.0132410579	-0.007123507
7.4407567565	-2.2653745988	0.0132232273	-0.0071476465
7.4539712973	-2.2725333215	0.013206497	-0.0071691599
7.4671688743	-2.2797130924	0.0131887295	-0.0071902203
7.4803485099	-2.2869138698	0.0131729426	-0.0072097921
7.4935126464	-2.2941330631	0.0131547028	-0.0072304157
7.5066591872	-2.301375606	0.0131365667	-0.0072496322
7.5197883599	-2.3086337977	0.0131206901	-0.0072690263
7.53290003	-2.3159133711	0.0131038641	-0.0072892892
7.5459962363	-2.3232110026	0.013087612	-0.0073050848
7.5590739134	-2.3305246443	0.0130716373	-0.0073242018
7.5721367621	-2.3378551374	0.013054893	-0.0073363231
7.585185684	-2.3452004929	0.0130396397	-0.0073539186
7.5982179394	-2.3525608861	0.0130246478	-0.0073665574
7.6112360194	-2.3599346317	0.0130104844	-0.0073818972
7.6242387836	-2.3673206125	0.01299484	-0.0073912825
7.6372235372	-2.374719512	0.0129787429	-0.0074042808
7.6501949216	-2.3821275421	0.0129640801	-0.0074117422
7.6631507638	-2.3895426266	0.0129466416	-0.0074211807
7.6760918462	-2.3969697776	0.0129325215	-0.0074288915
7.6890173566	-2.4044019509	0.0129191761	-0.0074372182
7.7019261838	-2.4118418005	0.0128996008	-0.0074413117
7.7148188691	-2.419285529	0.0128862982	-0.007446722
7.7276973397	-2.4267351335	0.0128703685	-0.0074479424
7.7405573983	-2.4341836063	0.012849998	-0.0074527311
7.7533997138	-2.4416392118	0.0128336911	-0.007455091
7.7662257714	-2.4490932348	0.0128166927	-0.007453554
7.7790324427	-2.456549444	0.0127995935	-0.0074573848
7.7918222543	-2.4640027107	0.0127815044	-0.0074516427
7.8045968286	-2.4714560467	0.0127640396	-0.00745207
7.8173503873	-2.4789044943	0.0127446294	-0.0074476148
7.8300865249	-2.486350711	0.012726371	-0.0074450784
7.8428036447	-2.4937925328	0.0127070954	-0.0074368116
7.8554999337	-2.5012277227	0.0126883307	-0.0074331025
7.868177674	-2.5086551682	0.0126673224	-0.0074223178
7.8808344989	-2.516072293	0.0126445333	-0.0074141193
7.8934708152	-2.5234823812	0.0126243662	-0.0074027088
7.9060824319	-2.5308799455	0.0126003414	-0.0073937709
7.9186695105	-2.5382650053	0.0125764622	-0.0073760508
7.9312332135	-2.5456351836	0.0125496264	-0.0073646322
7.9437704339	-2.552993226	0.0125218542	-0.0073487779
7.956280777	-2.5603331731	0.0124968495	-0.0073327391
7.9687612787	-2.5676585509	0.0124663399	-0.0073130079
7.9812114446	-2.5749641862	0.0124362663	-0.0072984486
7.9936328448	-2.5822525757	0.0124052386	-0.0072780236
8.0060207625	-2.5895197755	0.012369827	-0.0072585986
8.0183745515	-2.5967695536	0.0123360771	-0.0072401592
8.0306929494	-2.603998466	0.0122999145	-0.00721682
8.0429716166	-2.6112063494	0.0122609754	-0.0072000243
8.0552135586	-2.6183939818	0.0122210477	-0.0071767582
8.0674142794	-2.6255603336	0.0121804953	-0.007157661
8.0795766831	-2.632708082	0.0121394934	-0.0071358548
8.0916927831	-2.6398334423	0.0120953449	-0.0071169601
8.1037660229	-2.6469404107	0.0120532512	-0.0070941742
8.1157954699	-2.6540234569	0.0120041356	-0.0070739433
8.1277787983	-2.6610886915	0.0119585098	-0.0070531241
8.1397131196	-2.668130462	0.0119099455	-0.0070313905
8.1515979483	-2.6751542751	0.0118628939	-0.0070142719
8.1634345617	-2.6821563489	0.0118101152	-0.0069925055
8.1752206281	-2.6891387447	0.0117608166	-0.0069737574
8.1869590873	-2.6961018998	0.011711373	-0.0069522109
8.1986423079	-2.7030463383	0.0116597927	-0.0069364506
8.210274958	-2.7099720992	0.0116045656	-0.0069162815
8.2218542085	-2.7168773676	0.0115533001	-0.0068970422
8.2333801524	-2.7237673536	0.0114969538	-0.0068779889
8.2448486945	-2.7306371858	0.0114444586	-0.0068613063
8.2562658986	-2.737490695	0.0113869301	-0.0068436132
8.267626705	-2.7443240434	0.011332828	-0.0068248754
8.2789294927	-2.7511413944	0.011276298	-0.0068121001
8.2901776455	-2.7579430704	0.0112205631	-0.0067919663
8.3013693827	-2.7647264063	0.0111613443	-0.0067761436
8.3125037835	-2.7714961696	0.0111048605	-0.0067604439
8.3235775682	-2.7782486088	0.0110471951	-0.0067457626
8.3345966729	-2.7849878024	0.0109877801	-0.006729934
8.3455569599	-2.7917093229	0.0109302994	-0.0067138078
8.3564568758	-2.798415744	0.0108717886	-0.0067014939
8.3672971291	-2.805108962	0.0108102497	-0.0066841696
8.3780787224	-2.8117853255	0.0107513572	-0.0066702639
8.3888003566	-2.8184486346	0.0106911475	-0.0066544192
8.3994590052	-2.8250944478	0.0106291615	-0.0066388235
8.4100577518	-2.8317274366	0.0105653719	-0.006624242
8.4205944486	-2.8383440342	0.0105047229	-0.0066080787
8.4310649212	-2.8449451343	0.0104397935	-0.006595975
8.4414720866	-2.8515322166	0.0103731968	-0.0065792191
8.4518138267	-2.8581043729	0.0103084634	-0.006566399
8.4620868423	-2.8646643933	0.0102416805	-0.0065505636
8.4722930107	-2.8712072879	0.010169109	-0.0065380742
8.4824296087	-2.8777411381	0.0101020955	-0.0065273604
8.4924952763	-2.8842612509	0.0100307993	-0.0065144518
8.5024911186	-2.8907690812	0.0099594652	-0.0065033922
8.5124140933	-2.897268246	0.00988792	-0.0064933848
8.5222651099	-2.9037558047	0.0098139837	-0.0064843423
8.5320434326	-2.9102382647	0.0097401747	-0.0064764973
8.5417455353	-2.9167103843	0.0096679184	-0.0064685943
8.5513765868	-2.923175549	0.0095909442	-0.0064627693
8.5609324434	-2.9296338285	0.0095181788	-0.0064551507
8.5704111011	-2.936086449	0.009441789	-0.0064501541
8.5798156785	-2.9425370347	0.0093652463	-0.0064467508
8.5891408814	-2.9489798075	0.0092887093	-0.0064418167
8.5983917338	-2.9554233178	0.0092102295	-0.0064424322
8.6075663605	-2.9618612969	0.0091350316	-0.0064376788
8.6166589547	-2.9682993101	0.0090553187	-0.0064404161
8.6256768174	-2.97474099	0.00897917	-0.0064420391
8.634612112	-2.9811824553	0.0088963044	-0.006442723
8.6434712161	-2.9876307434	0.0088180269	-0.0064501838
8.6522496922	-2.9940819827	0.0087406315	-0.0064526015
8.6609509544	-3.0005376381	0.0086599745	-0.0064626529
8.6695734084	-3.0070036475	0.0085828957	-0.006468509
8.6781151834	-3.0134757708	0.0085026897	-0.0064787151
8.6865803834	-3.0199606538	0.0084254513	-0.0064876197
8.6949645373	-3.0264541471	0.0083471843	-0.0064990112
8.7032733574	-3.0329592818	0.0082684977	-0.0065132661
8.711502089	-3.0394782234	0.0081920298	-0.0065251176
8.7196566362	-3.0460102662	0.0081137811	-0.0065408132
8.7277300059	-3.0525587344	0.0080381142	-0.0065551298
8.735730049	-3.0591224232	0.0079587796	-0.0065712768
8.7436508646	-3.0657052168	0.0078833254	-0.0065910221
8.7514962007	-3.072303459	0.0078053996	-0.0066066591
8.7592635742	-3.078920407	0.0077306161	-0.0066280547
8.7669569481	-3.0855569986	0.0076544525	-0.0066460543
8.7745735012	-3.0922122852	0.0075796724	-0.0066661943
8.7821153475	-3.0988905498	0.0075047419	-0.0066862674
8.7895781724	-3.1055868645	0.0074252472	-0.0067093428
8.7969693575	-3.1123084702	0.0073513077	-0.0067345979
8.8042817987	-3.1190523514	0.0072766168	-0.0067546235
8.8115214583	-3.1258198362	0.0071999052	-0.0067812601
8.8186834381	-3.1326124281	0.007123426	-0.0068038843
8.8257703763	-3.1394301689	0.0070489494	-0.006832387
8.8327796438	-3.1462763834	0.006969641	-0.0068579489
8.8397119812	-3.1531488342	0.006895621	-0.0068870823
8.8465677235	-3.160053258	0.0068167977	-0.0069194816
8.8533455913	-3.1669865006	0.0067416716	-0.0069506448
8.8600494072	-3.1739549422	0.0066644739	-0.0069859067
8.8666752225	-3.1809560361	0.0065879679	-0.0070192496
8.8732274032	-3.1879940994	0.0065147871	-0.0070569474
8.8797037552	-3.1950697705	0.006437683	-0.0070937248
8.8861066549	-3.2021834058	0.0063682395	-0.0071351333
8.8924370305	-3.2093400887	0.0062929783	-0.0071760992
8.8986936423	-3.216536036	0.0062233751	-0.0072193398
8.9048821339	-3.2237790185	0.006150063	-0.0072631987
8.9109970687	-3.2310629015	0.0060816563	-0.0073081549
8.9170443042	-3.238395619	0.0060148792	-0.0073545417
8.9230245328	-3.2457721799	0.005944388	-0.0073994422
8.928935806	-3.2531982697	0.0058786531	-0.0074504308
8.9347847051	-3.2606708423	0.0058149186	-0.0074967846
8.9405658743	-3.2681953979	0.005750452	-0.0075497001
8.9462834247	-3.2757672166	0.0056895301	-0.0075988577
8.9519429832	-3.2833921127	0.0056273939	-0.0076522008
8.9575408342	-3.2910700953	0.0055671375	-0.0077025543
8.949122046	-3.2795732478	0.00558239613333	-0.00769059346667
8.9547494399	-3.2872254486	0.005597851	-0.0076779826
8.9603165774	-3.2949280029	0.0055389936	-0.0077306136
8.9658271935	-3.3026865961	0.0054800071	-0.0077840728
8.9712770327	-3.3104967442	0.0054216708	-0.0078380752
8.9766704423	-3.3183628761	0.0053667035	-0.0078915723
8.9820114537	-3.3262804838	0.0053111239	-0.0079470942
8.9872951948	-3.3342562168	0.0052567422	-0.0080014267
8.9925241068	-3.3422834846	0.0052037895	-0.0080552273
8.9977032654	-3.35036808	0.0051505651	-0.0081130486
9.0028251533	-3.3585072481	0.0050986032	-0.0081704976
9.0078993666	-3.3667075968	0.0050490221	-0.0082270573
9.0129236083	-3.3749626772	0.0049981178	-0.0082858829
9.0178966347	-3.3832786044	0.0049486301	-0.0083435474
9.0228220173	-3.3916520285	0.0049019162	-0.0084032396
9.0277014835	-3.4000846066	0.00485561	-0.0084611433
9.0325308077	-3.4085779269	0.0048079827	-0.0085253691
9.0373175074	-3.4171316051	0.004765037	-0.0085830411
9.0420617951	-3.4257474496	0.0047231791	-0.0086474739
9.046762362	-3.4344239723	0.0046773923	-0.0087066222
9.0514203758	-3.443165975	0.0046373183	-0.0087721042
9.0560382612	-3.4519663812	0.0046005379	-0.0088349865
9.0606198812	-3.4608327021	0.0045611586	-0.0088963643
9.0651610739	-3.4697588527	0.0045234903	-0.0089612594
9.0696652881	-3.478751461	0.0044878061	-0.0090197425
9.0741376488	-3.4878045514	0.0044550226	-0.009085065
9.0785742834	-3.4969195425	0.0044194792	-0.0091455941
9.0829785584	-3.5061000547	0.0043873709	-0.0092112008
9.0873530573	-3.5153397608	0.0043614656	-0.0092731598
9.0916999571	-3.524644372	0.0043309882	-0.0093339026
9.0960158081	-3.5340096756	0.0043036152	-0.0093983823
9.1003051432	-3.5434378562	0.0042783383	-0.0094577838
9.1045730548	-3.5529271551	0.0042557315	-0.0095192513
9.1088145548	-3.5624751735	0.0042285553	-0.0095811096
9.1130339742	-3.5720856082	0.0042068001	-0.0096353442
9.1172304467	-3.5817525249	0.0041887179	-0.0096971409
9.1214094029	-3.5914770872	0.0041670502	-0.0097529992
9.1255667656	-3.601259085	0.0041489592	-0.0098082717
9.1297049936	-3.6110928528	0.0041284296	-0.0098642884
9.1338242173	-3.6209834854	0.0041121568	-0.0099138378
9.1379277887	-3.6309255494	0.004094329	-0.0099686995
9.1420123321	-3.6409162586	0.0040755975	-0.0100182521
9.1460794691	-3.6509592207	0.0040577595	-0.0100642933
9.1501313753	-3.6610505371	0.0040453151	-0.0101143091
9.1541658461	-3.6711860361	0.0040234417	-0.0101616275
9.1581820441	-3.6813697039	0.0040080855	-0.0102038542
9.1621811471	-3.691600615	0.0039894338	-0.010253347
9.1661626894	-3.7018749013	0.0039748292	-0.0102967548
9.1701280203	-3.7121928544	0.0039547096	-0.0103398203
9.1740737284	-3.7225562666	0.0039367641	-0.0103851647
9.1779999234	-3.7329598264	0.0039182634	-0.0104269935
9.1819112462	-3.743409067	0.0039016077	-0.0104694087
9.1858004919	-3.7539014073	0.0038798338	-0.0105132356
9.1896715642	-3.7644327859	0.0038602775	-0.0105539715
9.1935201676	-3.7750079405	0.003840095	-0.0105937029
9.1973537828	-3.785623003	0.0038244081	-0.0106347676
9.2011669891	-3.7962758383	0.0038007434	-0.0106747464
9.204957537	-3.8069672178	0.0037805955	-0.0107102754
9.2087276166	-3.8177039556	0.0037585322	-0.0107542821
9.2124773733	-3.8284758634	0.003740859	-0.0107931093
9.2162065441	-3.8392877928	0.0037178586	-0.010831045
9.2199132454	-3.8501411136	0.0036966333	-0.0108711547
9.2235979811	-3.8610288233	0.0036733855	-0.0109110041
9.227261503	-3.8719601306	0.0036538391	-0.0109485641
9.230905958	-3.8829286432	0.0036326426	-0.010988163
9.2345244087	-3.8939365432	0.0036073023	-0.0110272039
9.2381220121	-3.9049811186	0.0035859502	-0.0110654414
9.2416952686	-3.9160659633	0.0035636541	-0.0111024691
9.2452484774	-3.9271894912	0.0035417234	-0.0111428238
9.248776653	-3.9383492609	0.0035146751	-0.0111815953
9.2522831847	-3.9495527124	0.0034944593	-0.0112178469
9.2557632112	-3.9607920592	0.0034698173	-0.0112604641
9.2592244444	-3.9720698957	0.0034511251	-0.0112995503
9.2626638771	-3.9833891996	0.0034257905	-0.0113413407
9.2660772119	-3.9947505793	0.0034027519	-0.0113782355
9.2694696157	-4.0061531491	0.0033806077	-0.0114240493
9.2728400231	-4.0175934377	0.0033616372	-0.0114613685
9.276191189	-4.0290763534	0.0033392319	-0.011502413
9.2795196131	-4.0405993566	0.0033184146	-0.0115420467
9.2828275058	-4.0521642768	0.0032982914	-0.0115853231
9.2861156199	-4.0637658096	0.0032781124	-0.0116261001
9.2893836537	-4.0754137327	0.0032597782	-0.0116661718
